845.8887939453125
776.703857421875
210.46998596191406
144.70700073242188
134.59588623046875
106.97416687011719
64.65959930419922
62.615291595458984
2.2402048110961914
1.9971747398376465
1.9743553400039673
1.9224920272827148
1.9113109111785889
1.879632592201233
1.8405715227127075
1.834202766418457
1.8301613330841064
1.822590708732605
1.8177430629730225
1.7874929904937744
1.7839274406433105
1.7769322395324707
1.7689812183380127
1.7347416877746582
1.7277336120605469
1.7022624015808105
1.7021732330322266
1.700886845588684
1.6970431804656982
1.6969945430755615
1.6923203468322754
1.682263970375061
1.6720705032348633
1.6683435440063477
1.6648975610733032
1.6578171253204346
1.6561284065246582
1.6532673835754395
1.6520307064056396
1.6503247022628784
1.6191892623901367
1.6138017177581787
1.6134936809539795
1.6110351085662842
1.6079059839248657
1.607596755027771
1.6032471656799316
1.6032146215438843
1.602085828781128
1.5998458862304688
1.5946600437164307
1.593172550201416
1.586045742034912
1.583549976348877
1.5825846195220947
1.5803627967834473
1.5717109441757202
1.5682265758514404
1.5657856464385986
1.564762830734253
1.5639541149139404
1.5552133321762085
1.5477653741836548
1.5436532497406006
1.5370291471481323
1.5362954139709473
1.535404920578003
1.5337436199188232
1.532414436340332
1.520959496498108
1.520782232284546
1.5182528495788574
1.5176584720611572
1.5138282775878906
1.5131986141204834
1.5105568170547485
1.5097134113311768
1.5075154304504395
1.5074466466903687
1.4944789409637451
1.4944660663604736
1.4837851524353027
1.4817569255828857
1.4811137914657593
1.47536039352417
1.4722086191177368
1.4716625213623047
1.4638183116912842
1.4627858400344849
1.4625164270401
1.4623585939407349
1.4613524675369263
1.458858609199524
1.458399772644043
1.4580395221710205
1.4560303688049316
1.4555392265319824
1.447828769683838
1.447392225265503
1.4431990385055542
1.4407446384429932
1.4400633573532104
1.4380648136138916
1.4365191459655762
1.4362099170684814
1.4328854084014893
1.4232021570205688
1.4161677360534668
1.4156428575515747
1.4120235443115234
1.4090080261230469
1.4066331386566162
1.4052245616912842
1.4042301177978516
1.395482063293457
1.3813362121582031
1.380582332611084
1.370962142944336
1.3681235313415527
1.3586525917053223
1.3538203239440918
1.346116304397583
1.3425663709640503
1.3400335311889648
1.3323804140090942
1.3091464042663574
1.2965468168258667
1.2848777770996094
