18.716785430908203
17.605979919433594
15.692802429199219
13.348474502563477
10.775468826293945
10.32059097290039
10.291278839111328
10.23415756225586
10.188371658325195
10.10618782043457
10.089194297790527
10.082193374633789
10.037964820861816
10.032421112060547
10.004983901977539
9.99593448638916
9.888408660888672
9.856348037719727
9.771857261657715
9.512212753295898
1.3164727687835693
1.2584164142608643
1.2467767000198364
1.2266627550125122
1.1715900897979736
1.1582205295562744
1.155600666999817
1.1452208757400513
1.1227805614471436
1.1123273372650146
1.1113474369049072
1.1112933158874512
1.1071860790252686
1.1060473918914795
1.1055864095687866
1.0984677076339722
1.095466136932373
1.093238353729248
1.0921653509140015
1.0918649435043335
1.0909785032272339
1.0896170139312744
1.0886132717132568
1.0880929231643677
1.086300253868103
1.086216688156128
1.0859216451644897
1.085744023323059
1.0852830410003662
1.0846199989318848
1.0844106674194336
1.0830029249191284
1.082580327987671
1.0825469493865967
1.0824475288391113
1.081452488899231
1.0810269117355347
1.0807468891143799
1.0805195569992065
1.0804133415222168
1.0801489353179932
1.0800104141235352
1.0799360275268555
1.0792876482009888
1.0788195133209229
1.0780324935913086
1.0778887271881104
1.0776786804199219
1.0763602256774902
1.0763170719146729
1.0759716033935547
1.07590913772583
1.0740103721618652
1.0713529586791992
1.0711506605148315
1.0708602666854858
1.0694153308868408
1.0693755149841309
1.0692524909973145
1.0690116882324219
1.0682947635650635
1.0682084560394287
1.0679683685302734
1.067810297012329
1.0672242641448975
1.0661324262619019
1.0653326511383057
1.0645312070846558
1.0630384683609009
1.0628910064697266
1.0618329048156738
1.0618003606796265
1.0601418018341064
1.059091329574585
1.0588696002960205
1.058643102645874
