Frame Index, Action Index, SSIM (dB)
1, 0, 16.8027
2, 0, 16.7250
3, 0, 16.7173
4, 0, 16.6365
5, 0, 16.1617
6, 0, 15.1877
7, 0, 14.3936
8, 0, 14.6578
9, 0, 14.2756
10, 0, 13.8837
11, 0, 16.5655
12, 0, 17.0109
13, 0, 16.4911
14, 0, 15.1974
15, 0, 14.4691
16, 0, 13.7435
17, 0, 13.0737
18, 0, 12.7791
19, 0, 16.5245
20, 0, 15.7404
21, 0, 15.0374
22, 0, 14.5625
23, 0, 14.2347
24, 0, 13.6620
25, 0, 13.0934
26, 0, 12.5323
27, 0, 16.5271
28, 0, 16.8910
29, 0, 16.3904
30, 0, 15.8889
31, 0, 15.0468
32, 0, 14.1695
33, 0, 13.4237
34, 0, 12.7743
35, 0, 16.3776
36, 0, 16.4926
37, 0, 16.0500
38, 0, 15.5428
39, 0, 14.7659
40, 0, 14.0455
41, 0, 13.6161
42, 0, 13.0598
43, 0, 16.4628
44, 0, 16.4513
45, 0, 16.1083
46, 0, 15.7826
47, 0, 15.2444
48, 0, 14.3505
49, 0, 13.8311
50, 0, 13.6437
51, 0, 16.5084
52, 0, 16.7390
53, 0, 16.4614
54, 0, 15.5161
55, 0, 15.0756
56, 0, 14.5805
57, 0, 14.0796
58, 0, 13.5447
59, 0, 16.3942
60, 0, 16.6643
61, 0, 16.2901
62, 0, 14.7592
63, 0, 15.1263
64, 0, 14.5010
65, 0, 14.0765
66, 0, 13.7744
67, 0, 16.4064
68, 0, 16.8463
69, 0, 16.2707
70, 0, 15.8309
71, 0, 15.0610
72, 0, 14.4934
73, 0, 14.0067
74, 0, 13.5827
75, 0, 16.3106
76, 0, 16.1503
77, 0, 16.0638
78, 0, 15.6289
79, 0, 14.9891
80, 0, 14.2806
81, 0, 13.9405
82, 0, 13.5510
83, 0, 16.2542
84, 0, 16.2140
85, 0, 16.1151
86, 0, 15.6474
87, 0, 15.1294
88, 0, 14.5516
89, 0, 13.9489
90, 0, 13.4863
91, 0, 16.3427
92, 0, 16.5233
93, 0, 16.2198
94, 0, 15.1254
95, 0, 14.3009
96, 0, 13.4714
97, 0, 13.2558
98, 0, 13.2081
99, 0, 16.1541
100, 0, 16.1814
101, 0, 15.2520
102, 0, 14.7099
103, 0, 14.6361
104, 0, 14.0198
105, 0, 13.7191
106, 0, 13.4247
107, 0, 16.2009
108, 0, 15.3911
109, 0, 15.7951
110, 0, 15.1374
111, 0, 14.5969
112, 0, 14.1433
113, 0, 13.6572
114, 0, 13.0497
115, 0, 16.3044
116, 0, 16.2297
117, 0, 15.9422
118, 0, 14.1972
119, 0, 14.3970
120, 0, 14.1117
121, 0, 13.7057
122, 0, 13.4294
123, 0, 16.2742
124, 0, 16.4716
125, 0, 15.8682
126, 0, 15.4890
127, 0, 15.0745
128, 0, 14.5377
129, 0, 13.8745
130, 0, 13.7318
131, 0, 16.2490
132, 0, 16.7696
133, 0, 16.1354
134, 0, 15.6467
135, 0, 15.0918
136, 0, 14.3238
137, 0, 14.0145
138, 0, 13.5997
139, 0, 16.2029
140, 0, 16.0899
141, 0, 15.6322
142, 0, 15.3673
143, 0, 14.5063
144, 0, 14.0205
145, 0, 13.6566
146, 0, 13.1126
147, 0, 16.1814
148, 0, 16.1325
149, 0, 15.3930
150, 0, 14.6715
151, 0, 14.3148
152, 0, 13.7140
153, 0, 13.0659
154, 0, 12.5050
155, 0, 16.1121
156, 0, 15.9958
157, 0, 16.0766
158, 0, 15.0291
159, 0, 14.0744
160, 0, 13.3423
161, 0, 13.5698
162, 0, 13.0961
163, 0, 16.2808
164, 0, 16.3575
165, 0, 15.6629
166, 0, 15.2586
167, 0, 14.8180
168, 0, 14.2094
169, 0, 13.5582
170, 0, 13.0760
171, 0, 16.1061
172, 0, 16.5469
173, 0, 15.7042
174, 0, 15.0892
175, 0, 14.6651
176, 0, 14.0895
177, 0, 13.5833
178, 0, 12.9715
179, 0, 16.0746
180, 0, 16.2838
181, 0, 16.0308
182, 0, 15.4216
183, 0, 14.7076
184, 0, 14.0234
185, 0, 13.3763
186, 0, 12.4498
187, 0, 16.1877
188, 0, 15.4509
189, 0, 14.3923
190, 0, 13.5019
191, 0, 12.9253
192, 0, 12.6097
193, 0, 12.0164
194, 0, 11.2791
195, 0, 16.1869
196, 0, 15.9199
197, 0, 14.9630
198, 0, 13.9278
199, 0, 12.9731
200, 0, 12.8719
201, 0, 12.1622
202, 0, 11.3334
203, 0, 16.0469
204, 0, 15.3828
205, 0, 14.2977
206, 0, 13.3826
207, 0, 12.6539
208, 0, 11.9148
209, 0, 11.3100
210, 0, 10.9570
211, 0, 16.4185
212, 0, 15.3144
213, 0, 14.3147
214, 0, 13.5504
215, 0, 12.5629
216, 0, 12.3317
217, 0, 11.7838
218, 0, 11.0288
219, 0, 16.4317
220, 0, 14.8412
221, 0, 14.4604
222, 0, 13.8326
223, 0, 13.0909
224, 0, 12.1715
225, 0, 11.5801
226, 0, 11.3537
227, 0, 16.4505
228, 0, 15.8894
229, 0, 14.6579
230, 0, 13.5741
231, 0, 13.0090
232, 0, 12.3907
233, 0, 11.6823
234, 0, 11.2074
235, 0, 16.4006
236, 0, 16.3532
237, 0, 14.9724
238, 0, 14.4479
239, 0, 13.3810
240, 0, 12.6418
241, 0, 11.8906
242, 0, 11.3344
243, 0, 16.3366
244, 0, 15.1787
245, 0, 14.4637
246, 0, 13.8360
247, 0, 13.2733
248, 0, 12.6205
249, 0, 11.9605
250, 0, 11.1512
1, 1, 10.3188
2, 1, 9.9551
3, 1, 16.7173
4, 1, 15.5899
5, 1, 15.0165
6, 1, 14.1936
7, 1, 13.6541
8, 1, 13.1315
9, 1, 12.4394
10, 1, 12.0130
11, 1, 16.5655
12, 1, 16.6388
13, 1, 15.8150
14, 1, 15.3339
15, 1, 14.4470
16, 1, 13.7466
17, 1, 12.7302
18, 1, 12.1213
19, 1, 16.5245
20, 1, 15.6494
21, 1, 14.7408
22, 1, 13.7594
23, 1, 13.0707
24, 1, 12.4152
25, 1, 12.0551
26, 1, 11.4123
27, 1, 16.5271
28, 1, 16.8647
29, 1, 15.7165
30, 1, 14.9339
31, 1, 13.9241
32, 1, 12.9113
33, 1, 12.4539
34, 1, 11.8598
35, 1, 16.3776
36, 1, 15.9833
37, 1, 15.0188
38, 1, 14.2417
39, 1, 13.3330
40, 1, 12.3028
41, 1, 12.1731
42, 1, 11.6112
43, 1, 16.4628
44, 1, 15.8362
45, 1, 15.3920
46, 1, 14.7482
47, 1, 13.9155
48, 1, 12.7558
49, 1, 12.3063
50, 1, 11.6722
51, 1, 16.5084
52, 1, 15.6103
53, 1, 15.1116
54, 1, 14.1325
55, 1, 13.3667
56, 1, 12.7535
57, 1, 12.0843
58, 1, 11.4908
59, 1, 16.3942
60, 1, 16.0538
61, 1, 14.3193
62, 1, 13.9771
63, 1, 13.3686
64, 1, 12.1863
65, 1, 11.6362
66, 1, 11.2826
67, 1, 16.4064
68, 1, 16.0391
69, 1, 14.0346
70, 1, 13.4992
71, 1, 14.4448
72, 1, 14.6052
73, 1, 14.2785
74, 1, 14.0487
75, 1, 16.3106
76, 1, 16.3256
77, 1, 16.2250
78, 1, 15.5849
79, 1, 14.9501
80, 1, 14.5283
81, 1, 13.8740
82, 1, 13.4614
83, 1, 16.2542
84, 1, 16.0106
85, 1, 15.9859
86, 1, 15.9386
87, 1, 15.7255
88, 1, 15.2717
89, 1, 14.7036
90, 1, 14.0608
91, 1, 16.3427
92, 1, 17.0782
93, 1, 17.1503
94, 1, 16.0779
95, 1, 15.7692
96, 1, 14.6577
97, 1, 13.9948
98, 1, 13.2161
99, 1, 16.1541
100, 1, 15.9152
101, 1, 14.7207
102, 1, 13.6201
103, 1, 13.2390
104, 1, 12.5173
105, 1, 12.3411
106, 1, 11.9642
107, 1, 16.2009
108, 1, 15.0335
109, 1, 14.6393
110, 1, 14.3026
111, 1, 14.1871
112, 1, 14.8259
113, 1, 14.7442
114, 1, 13.8062
115, 1, 16.3044
116, 1, 15.7022
117, 1, 15.5077
118, 1, 13.1524
119, 1, 13.4566
120, 1, 13.2995
121, 1, 13.0354
122, 1, 12.9928
123, 1, 16.2742
124, 1, 15.9539
125, 1, 15.1272
126, 1, 14.8274
127, 1, 14.8915
128, 1, 14.6598
129, 1, 14.3501
130, 1, 14.4019
131, 1, 16.2490
132, 1, 16.7901
133, 1, 16.1111
134, 1, 15.5687
135, 1, 15.3290
136, 1, 14.6379
137, 1, 14.7387
138, 1, 14.2538
139, 1, 16.2029
140, 1, 16.6599
141, 1, 16.2544
142, 1, 16.1600
143, 1, 15.3119
144, 1, 15.2451
145, 1, 14.6397
146, 1, 14.4363
147, 1, 16.1814
148, 1, 16.4639
149, 1, 16.1760
150, 1, 15.5789
151, 1, 15.5414
152, 1, 15.4713
153, 1, 15.2141
154, 1, 14.7605
155, 1, 16.1121
156, 1, 16.0581
157, 1, 16.4413
158, 1, 15.2800
159, 1, 14.4968
160, 1, 14.3525
161, 1, 14.6229
162, 1, 14.3171
163, 1, 16.2808
164, 1, 16.9018
165, 1, 16.4045
166, 1, 16.2462
167, 1, 15.9512
168, 1, 15.5527
169, 1, 14.7465
170, 1, 14.6158
171, 1, 16.1061
172, 1, 16.5842
173, 1, 15.6103
174, 1, 15.2573
175, 1, 14.8095
176, 1, 14.2125
177, 1, 13.9158
178, 1, 13.3119
179, 1, 16.0746
180, 1, 16.2615
181, 1, 16.2587
182, 1, 15.7147
183, 1, 15.2060
184, 1, 14.6725
185, 1, 14.1510
186, 1, 14.2034
187, 1, 16.1877
188, 1, 16.0059
189, 1, 15.9019
190, 1, 15.5354
191, 1, 15.1198
192, 1, 14.9537
193, 1, 14.3082
194, 1, 14.1937
195, 1, 16.1869
196, 1, 16.4240
197, 1, 16.1342
198, 1, 15.2933
199, 1, 14.7790
200, 1, 14.4181
201, 1, 14.6844
202, 1, 14.2866
203, 1, 16.0469
204, 1, 16.3941
205, 1, 16.0654
206, 1, 15.5687
207, 1, 15.4932
208, 1, 14.8763
209, 1, 14.4072
210, 1, 14.1840
211, 1, 16.4185
212, 1, 16.4005
213, 1, 16.4219
214, 1, 16.4548
215, 1, 15.4921
216, 1, 15.6242
217, 1, 15.3226
218, 1, 14.9743
219, 1, 16.4317
220, 1, 16.7391
221, 1, 16.7952
222, 1, 15.7150
223, 1, 15.3443
224, 1, 14.6940
225, 1, 14.2955
226, 1, 14.1377
227, 1, 16.4505
228, 1, 16.5976
229, 1, 15.9639
230, 1, 15.0968
231, 1, 14.8502
232, 1, 14.5694
233, 1, 14.0579
234, 1, 13.8605
235, 1, 16.4006
236, 1, 16.5669
237, 1, 15.3880
238, 1, 14.8361
239, 1, 14.5241
240, 1, 14.5734
241, 1, 14.0486
242, 1, 13.7783
243, 1, 16.3366
244, 1, 16.2141
245, 1, 16.0205
246, 1, 15.8327
247, 1, 15.6320
248, 1, 15.0365
249, 1, 14.5787
250, 1, 14.1799
1, 2, 11.6590
2, 2, 12.0153
3, 2, 16.7173
4, 2, 15.9054
5, 2, 15.9336
6, 2, 15.5839
7, 2, 15.4384
8, 2, 15.3784
9, 2, 15.1943
10, 2, 14.9448
11, 2, 16.5655
12, 2, 17.0248
13, 2, 16.9261
14, 2, 16.2105
15, 2, 15.9178
16, 2, 15.5712
17, 2, 14.8845
18, 2, 14.6828
19, 2, 16.5245
20, 2, 15.5857
21, 2, 15.2090
22, 2, 14.2218
23, 2, 13.5698
24, 2, 12.9369
25, 2, 12.6419
26, 2, 11.9620
27, 2, 16.5271
28, 2, 16.5778
29, 2, 15.2963
30, 2, 14.5737
31, 2, 13.5627
32, 2, 12.6563
33, 2, 12.5657
34, 2, 11.9565
35, 2, 16.3776
36, 2, 15.9613
37, 2, 14.9789
38, 2, 14.1683
39, 2, 13.4696
40, 2, 12.3048
41, 2, 12.0277
42, 2, 11.4603
43, 2, 16.4628
44, 2, 15.7838
45, 2, 14.9369
46, 2, 14.1655
47, 2, 13.3494
48, 2, 12.3916
49, 2, 12.4315
50, 2, 11.8495
51, 2, 16.5084
52, 2, 15.5290
53, 2, 14.8705
54, 2, 13.9289
55, 2, 13.1970
56, 2, 12.5449
57, 2, 11.9925
58, 2, 11.2168
59, 2, 16.3942
60, 2, 16.1635
61, 2, 14.4992
62, 2, 14.0592
63, 2, 13.4344
64, 2, 12.2901
65, 2, 11.7670
66, 2, 11.6328
67, 2, 16.4064
68, 2, 16.0582
69, 2, 14.0656
70, 2, 13.6226
71, 2, 13.4401
72, 2, 12.9358
73, 2, 12.4159
74, 2, 11.8674
75, 2, 16.3106
76, 2, 15.7097
77, 2, 14.9214
78, 2, 13.8877
79, 2, 13.1142
80, 2, 12.3903
81, 2, 11.7274
82, 2, 11.0833
83, 2, 16.2542
84, 2, 15.6084
85, 2, 15.0683
86, 2, 14.2583
87, 2, 13.4607
88, 2, 12.9532
89, 2, 12.3494
90, 2, 11.8809
91, 2, 16.3427
92, 2, 15.6336
93, 2, 15.0300
94, 2, 13.7643
95, 2, 12.8350
96, 2, 12.0602
97, 2, 12.5517
98, 2, 11.8866
99, 2, 16.1541
100, 2, 15.0742
101, 2, 13.3429
102, 2, 12.3210
103, 2, 11.8366
104, 2, 11.4782
105, 2, 10.8964
106, 2, 10.3672
107, 2, 16.2009
108, 2, 14.6285
109, 2, 13.9572
110, 2, 13.0617
111, 2, 13.0431
112, 2, 12.4518
113, 2, 11.9377
114, 2, 11.2390
115, 2, 16.3044
116, 2, 15.7219
117, 2, 15.0271
118, 2, 12.5577
119, 2, 12.0351
120, 2, 11.4044
121, 2, 10.9930
122, 2, 10.5375
123, 2, 16.2742
124, 2, 15.4827
125, 2, 14.0286
126, 2, 13.0450
127, 2, 12.5613
128, 2, 12.4941
129, 2, 11.7859
130, 2, 11.3432
131, 2, 16.2490
132, 2, 16.3270
133, 2, 14.7386
134, 2, 13.4696
135, 2, 12.5584
136, 2, 11.7507
137, 2, 11.4094
138, 2, 10.9279
139, 2, 16.2029
140, 2, 15.5887
141, 2, 14.6230
142, 2, 14.2121
143, 2, 13.1005
144, 2, 12.3163
145, 2, 11.7944
146, 2, 11.1646
147, 2, 16.1814
148, 2, 15.5796
149, 2, 14.2913
150, 2, 13.0463
151, 2, 12.4320
152, 2, 11.8695
153, 2, 11.4352
154, 2, 12.7019
155, 2, 16.1121
156, 2, 15.7801
157, 2, 15.9274
158, 2, 15.0190
159, 2, 14.4156
160, 2, 14.1253
161, 2, 14.1633
162, 2, 13.6315
163, 2, 16.2808
164, 2, 16.0557
165, 2, 15.6062
166, 2, 15.4121
167, 2, 15.3761
168, 2, 14.8439
169, 2, 14.3003
170, 2, 14.3269
171, 2, 16.1061
172, 2, 16.5530
173, 2, 15.0536
174, 2, 15.2904
175, 2, 15.4380
176, 2, 15.4899
177, 2, 15.3602
178, 2, 14.8821
179, 2, 16.0746
180, 2, 15.6223
181, 2, 15.2187
182, 2, 14.1745
183, 2, 13.8342
184, 2, 13.5090
185, 2, 12.8078
186, 2, 12.3225
187, 2, 16.1877
188, 2, 15.3358
189, 2, 14.5911
190, 2, 14.0058
191, 2, 13.6344
192, 2, 13.4059
193, 2, 13.2627
194, 2, 13.2678
195, 2, 16.1869
196, 2, 16.4703
197, 2, 16.0022
198, 2, 15.0647
199, 2, 14.3701
200, 2, 13.9486
201, 2, 13.5567
202, 2, 13.1088
203, 2, 16.0469
204, 2, 15.8721
205, 2, 15.4079
206, 2, 14.8509
207, 2, 14.5154
208, 2, 13.9368
209, 2, 13.6035
210, 2, 13.5765
211, 2, 16.4185
212, 2, 16.1913
213, 2, 15.7474
214, 2, 15.5423
215, 2, 14.8697
216, 2, 14.9878
217, 2, 14.9507
218, 2, 14.6281
219, 2, 16.4317
220, 2, 15.8848
221, 2, 16.1111
222, 2, 15.6943
223, 2, 15.8310
224, 2, 15.1518
225, 2, 14.9550
226, 2, 14.8383
227, 2, 16.4505
228, 2, 16.2717
229, 2, 16.2115
230, 2, 15.7612
231, 2, 15.7709
232, 2, 15.6975
233, 2, 15.1622
234, 2, 15.1366
235, 2, 16.4006
236, 2, 17.0280
237, 2, 16.2953
238, 2, 15.7089
239, 2, 15.2467
240, 2, 15.2083
241, 2, 14.5065
242, 2, 14.2277
243, 2, 16.3366
244, 2, 16.0438
245, 2, 16.1150
246, 2, 16.0213
247, 2, 16.1233
248, 2, 15.8115
249, 2, 15.5429
250, 2, 14.9664
1, 3, 12.1549
2, 3, 12.3916
3, 3, 16.7173
4, 3, 16.0247
5, 3, 15.7173
6, 3, 15.1887
7, 3, 15.0588
8, 3, 14.8992
9, 3, 14.4821
10, 3, 14.1168
11, 3, 16.5655
12, 3, 16.7463
13, 3, 16.5003
14, 3, 15.8722
15, 3, 15.3809
16, 3, 15.1035
17, 3, 14.4457
18, 3, 14.1790
19, 3, 16.5245
20, 3, 16.1471
21, 3, 16.0884
22, 3, 15.8482
23, 3, 15.6642
24, 3, 14.8904
25, 3, 14.8692
26, 3, 14.3921
27, 3, 16.5271
28, 3, 16.9194
29, 3, 16.0359
30, 3, 15.8540
31, 3, 14.9395
32, 3, 14.2493
33, 3, 13.8556
34, 3, 13.9941
35, 3, 16.3776
36, 3, 16.7584
37, 3, 16.5383
38, 3, 16.2166
39, 3, 15.5142
40, 3, 14.9282
41, 3, 15.0273
42, 3, 14.8719
43, 3, 16.4628
44, 3, 16.6010
45, 3, 16.4641
46, 3, 16.4341
47, 3, 16.3476
48, 3, 15.3840
49, 3, 15.4180
50, 3, 15.2167
51, 3, 16.5084
52, 3, 16.3906
53, 3, 16.8258
54, 3, 15.8274
55, 3, 15.6343
56, 3, 14.9632
57, 3, 14.5435
58, 3, 13.8444
59, 3, 16.3942
60, 3, 16.4380
61, 3, 15.3322
62, 3, 14.9983
63, 3, 14.8299
64, 3, 13.7317
65, 3, 13.4499
66, 3, 13.2337
67, 3, 16.4064
68, 3, 16.1735
69, 3, 14.4139
70, 3, 14.1493
71, 3, 13.8713
72, 3, 13.8209
73, 3, 13.8637
74, 3, 13.4349
75, 3, 16.3106
76, 3, 15.7292
77, 3, 15.8354
78, 3, 15.1149
79, 3, 14.6828
80, 3, 14.1672
81, 3, 13.6390
82, 3, 13.0660
83, 3, 16.2542
84, 3, 15.7627
85, 3, 15.7444
86, 3, 15.3920
87, 3, 14.7546
88, 3, 14.4945
89, 3, 14.3008
90, 3, 14.0597
91, 3, 16.3427
92, 3, 16.4408
93, 3, 16.2189
94, 3, 15.1242
95, 3, 14.5457
96, 3, 13.9902
97, 3, 14.0474
98, 3, 13.6537
99, 3, 16.1541
100, 3, 15.8174
101, 3, 14.4933
102, 3, 12.9977
103, 3, 12.3562
104, 3, 12.2619
105, 3, 11.5341
106, 3, 10.8002
107, 3, 16.2009
108, 3, 14.9060
109, 3, 13.9980
110, 3, 12.9917
111, 3, 12.0950
112, 3, 11.4475
113, 3, 11.1061
114, 3, 10.4939
115, 3, 16.3044
116, 3, 15.7870
117, 3, 15.0852
118, 3, 12.5820
119, 3, 12.1005
120, 3, 11.5083
121, 3, 10.9054
122, 3, 10.5396
123, 3, 16.2742
124, 3, 15.3604
125, 3, 13.9484
126, 3, 13.0859
127, 3, 12.5310
128, 3, 11.9276
129, 3, 11.2536
130, 3, 10.8602
131, 3, 16.2490
132, 3, 16.3478
133, 3, 14.6180
134, 3, 13.3558
135, 3, 12.3959
136, 3, 11.5888
137, 3, 11.2388
138, 3, 10.6307
139, 3, 16.2029
140, 3, 15.6255
141, 3, 14.4741
142, 3, 13.9195
143, 3, 13.1659
144, 3, 12.3580
145, 3, 11.7810
146, 3, 11.1982
147, 3, 16.1814
148, 3, 15.4317
149, 3, 14.1495
150, 3, 13.0410
151, 3, 12.4598
152, 3, 11.9813
153, 3, 11.5322
154, 3, 11.2874
155, 3, 16.1121
156, 3, 15.2066
157, 3, 14.6874
158, 3, 13.2030
159, 3, 12.3357
160, 3, 11.5194
161, 3, 11.2338
162, 3, 10.7799
163, 3, 16.2808
164, 3, 15.4488
165, 3, 14.2240
166, 3, 13.2059
167, 3, 13.4283
168, 3, 12.5246
169, 3, 11.7643
170, 3, 11.3628
171, 3, 16.1061
172, 3, 16.3315
173, 3, 14.6137
174, 3, 13.5536
175, 3, 12.6239
176, 3, 11.8342
177, 3, 11.3748
178, 3, 10.9531
179, 3, 16.0746
180, 3, 15.8706
181, 3, 15.1039
182, 3, 13.8859
183, 3, 12.9664
184, 3, 12.1631
185, 3, 11.3980
186, 3, 10.9471
187, 3, 16.1877
188, 3, 15.0811
189, 3, 13.9883
190, 3, 13.0212
191, 3, 12.4167
192, 3, 11.7666
193, 3, 11.3217
194, 3, 11.4187
195, 3, 16.1869
196, 3, 15.9135
197, 3, 14.9360
198, 3, 13.7891
199, 3, 13.1595
200, 3, 12.4193
201, 3, 11.8618
202, 3, 10.9689
203, 3, 16.0469
204, 3, 15.4230
205, 3, 14.2029
206, 3, 13.1059
207, 3, 12.4395
208, 3, 11.6684
209, 3, 11.1080
210, 3, 10.8818
211, 3, 16.4185
212, 3, 15.2467
213, 3, 14.2326
214, 3, 13.4648
215, 3, 12.2435
216, 3, 11.7141
217, 3, 11.3962
218, 3, 10.7543
219, 3, 16.4317
220, 3, 14.7617
221, 3, 14.2028
222, 3, 13.7053
223, 3, 12.8668
224, 3, 11.9323
225, 3, 11.8182
226, 3, 11.3590
227, 3, 16.4505
228, 3, 15.8095
229, 3, 14.5943
230, 3, 13.3840
231, 3, 12.7104
232, 3, 12.1158
233, 3, 11.4546
234, 3, 10.9128
235, 3, 16.4006
236, 3, 16.2928
237, 3, 15.7627
238, 3, 15.2462
239, 3, 14.5071
240, 3, 14.3479
241, 3, 13.7460
242, 3, 13.6180
243, 3, 16.3366
244, 3, 15.5372
245, 3, 15.1375
246, 3, 14.9665
247, 3, 14.7056
248, 3, 14.3996
249, 3, 14.0736
250, 3, 13.6517
1, 4, 11.2969
2, 4, 11.4490
3, 4, 16.7173
4, 4, 15.6227
5, 4, 15.1404
6, 4, 14.3055
7, 4, 14.6738
8, 4, 14.7483
9, 4, 14.6537
10, 4, 14.4303
11, 4, 16.5655
12, 4, 16.7416
13, 4, 15.9174
14, 4, 14.7095
15, 4, 13.8242
16, 4, 13.4465
17, 4, 12.8406
18, 4, 12.3701
19, 4, 16.5245
20, 4, 15.5552
21, 4, 14.8827
22, 4, 14.1417
23, 4, 13.6727
24, 4, 12.9952
25, 4, 12.5811
26, 4, 12.2885
27, 4, 16.5271
28, 4, 17.0881
29, 4, 16.1809
30, 4, 15.6768
31, 4, 14.7156
32, 4, 13.7432
33, 4, 13.2203
34, 4, 12.5740
35, 4, 16.3776
36, 4, 16.2546
37, 4, 15.5840
38, 4, 15.0372
39, 4, 14.4201
40, 4, 13.4475
41, 4, 13.3776
42, 4, 13.1794
43, 4, 16.4628
44, 4, 16.0821
45, 4, 15.7786
46, 4, 15.5401
47, 4, 15.0981
48, 4, 14.1378
49, 4, 14.1685
50, 4, 13.8090
51, 4, 16.5084
52, 4, 16.0196
53, 4, 16.0238
54, 4, 15.0367
55, 4, 14.8996
56, 4, 14.5979
57, 4, 14.3174
58, 4, 13.5861
59, 4, 16.3942
60, 4, 16.5040
61, 4, 14.9571
62, 4, 15.0323
63, 4, 15.1096
64, 4, 14.0222
65, 4, 13.9013
66, 4, 13.7766
67, 4, 16.4064
68, 4, 16.6120
69, 4, 15.1680
70, 4, 15.0302
71, 4, 14.5528
72, 4, 14.2276
73, 4, 14.0853
74, 4, 13.4278
75, 4, 16.3106
76, 4, 16.0607
77, 4, 15.9181
78, 4, 15.1686
79, 4, 14.4802
80, 4, 14.2383
81, 4, 13.8208
82, 4, 13.3213
83, 4, 16.2542
84, 4, 15.8247
85, 4, 15.6437
86, 4, 15.3567
87, 4, 14.7330
88, 4, 14.1990
89, 4, 13.8011
90, 4, 13.4759
91, 4, 16.3427
92, 4, 15.9545
93, 4, 15.5097
94, 4, 14.1738
95, 4, 13.2424
96, 4, 12.8528
97, 4, 12.8945
98, 4, 12.6182
99, 4, 16.1541
100, 4, 15.6399
101, 4, 14.1362
102, 4, 13.6342
103, 4, 13.6692
104, 4, 13.4233
105, 4, 13.3514
106, 4, 12.8358
107, 4, 16.2009
108, 4, 15.2868
109, 4, 14.7635
110, 4, 14.2536
111, 4, 13.6240
112, 4, 13.1010
113, 4, 13.0395
114, 4, 12.1102
115, 4, 16.3044
116, 4, 15.8410
117, 4, 15.9121
118, 4, 13.5852
119, 4, 13.8306
120, 4, 13.4906
121, 4, 13.1813
122, 4, 12.9378
123, 4, 16.2742
124, 4, 15.9295
125, 4, 15.2194
126, 4, 14.6877
127, 4, 14.8311
128, 4, 14.3860
129, 4, 14.0451
130, 4, 14.1240
131, 4, 16.2490
132, 4, 16.8072
133, 4, 15.7734
134, 4, 15.2146
135, 4, 14.6515
136, 4, 14.0592
137, 4, 14.0873
138, 4, 13.4752
139, 4, 16.2029
140, 4, 15.7708
141, 4, 15.0147
142, 4, 14.6517
143, 4, 13.9334
144, 4, 13.5072
145, 4, 13.1292
146, 4, 12.5604
147, 4, 16.1814
148, 4, 15.7022
149, 4, 14.7586
150, 4, 13.8563
151, 4, 13.2346
152, 4, 12.7985
153, 4, 12.3985
154, 4, 12.0063
155, 4, 16.1121
156, 4, 15.8006
157, 4, 15.4857
158, 4, 14.1170
159, 4, 13.0555
160, 4, 12.9508
161, 4, 12.9679
162, 4, 12.5470
163, 4, 16.2808
164, 4, 15.8371
165, 4, 15.1874
166, 4, 14.5967
167, 4, 14.4652
168, 4, 13.9001
169, 4, 13.2264
170, 4, 12.7559
171, 4, 16.1061
172, 4, 16.5896
173, 4, 15.2546
174, 4, 14.8418
175, 4, 14.3609
176, 4, 13.5097
177, 4, 13.1922
178, 4, 12.7234
179, 4, 16.0746
180, 4, 16.1039
181, 4, 15.6833
182, 4, 14.8048
183, 4, 14.0703
184, 4, 13.4033
185, 4, 12.4556
186, 4, 11.7724
187, 4, 16.1877
188, 4, 15.0492
189, 4, 13.9018
190, 4, 13.0380
191, 4, 12.5936
192, 4, 11.9195
193, 4, 11.4112
194, 4, 10.7680
195, 4, 16.1869
196, 4, 15.9189
197, 4, 14.8139
198, 4, 13.5758
199, 4, 12.9730
200, 4, 12.1753
201, 4, 11.5769
202, 4, 10.7489
203, 4, 16.0469
204, 4, 15.3517
205, 4, 14.1385
206, 4, 13.0856
207, 4, 12.3750
208, 4, 11.6011
209, 4, 11.2094
210, 4, 10.7784
211, 4, 16.4185
212, 4, 15.1989
213, 4, 14.2061
214, 4, 13.3738
215, 4, 12.4188
216, 4, 11.7676
217, 4, 11.4844
218, 4, 10.8161
219, 4, 16.4317
220, 4, 14.7490
221, 4, 14.1201
222, 4, 13.6357
223, 4, 12.8122
224, 4, 11.7744
225, 4, 11.5741
226, 4, 11.3732
227, 4, 16.4505
228, 4, 15.7856
229, 4, 14.4757
230, 4, 13.3347
231, 4, 12.6628
232, 4, 12.1883
233, 4, 11.5577
234, 4, 11.0733
235, 4, 16.4006
236, 4, 16.3284
237, 4, 14.9277
238, 4, 13.6819
239, 4, 12.7967
240, 4, 12.1716
241, 4, 11.3995
242, 4, 10.9430
243, 4, 16.3366
244, 4, 15.1709
245, 4, 14.2185
246, 4, 13.5090
247, 4, 12.7947
248, 4, 12.1495
249, 4, 11.4226
250, 4, 11.3227
1, 5, 10.0294
2, 5, 9.6868
3, 5, 16.7173
4, 5, 15.4069
5, 5, 14.6477
6, 5, 13.7797
7, 5, 13.1864
8, 5, 12.5287
9, 5, 11.8387
10, 5, 11.4519
11, 5, 16.5655
12, 5, 16.5996
13, 5, 16.1299
14, 5, 14.6391
15, 5, 13.6272
16, 5, 12.8799
17, 5, 11.9994
18, 5, 11.5126
19, 5, 16.5245
20, 5, 15.5636
21, 5, 14.6445
22, 5, 13.5261
23, 5, 12.8075
24, 5, 12.1236
25, 5, 11.5572
26, 5, 10.9989
27, 5, 16.5271
28, 5, 16.5517
29, 5, 15.1684
30, 5, 14.2342
31, 5, 13.2556
32, 5, 12.5027
33, 5, 11.8223
34, 5, 11.3356
35, 5, 16.3776
36, 5, 15.9177
37, 5, 14.8930
38, 5, 13.9144
39, 5, 13.0499
40, 5, 11.9701
41, 5, 11.6958
42, 5, 11.1826
43, 5, 16.4628
44, 5, 15.8820
45, 5, 15.0634
46, 5, 14.2422
47, 5, 13.3607
48, 5, 12.2946
49, 5, 11.8378
50, 5, 11.2839
51, 5, 16.5084
52, 5, 15.5520
53, 5, 14.8646
54, 5, 13.7557
55, 5, 12.9021
56, 5, 12.2078
57, 5, 11.6594
58, 5, 11.0944
59, 5, 16.3942
60, 5, 15.9222
61, 5, 14.1536
62, 5, 13.5140
63, 5, 12.8036
64, 5, 11.6527
65, 5, 11.0999
66, 5, 10.8536
67, 5, 16.4064
68, 5, 15.9400
69, 5, 13.8394
70, 5, 14.2129
71, 5, 14.0812
72, 5, 13.7291
73, 5, 13.5679
74, 5, 13.2782
75, 5, 16.3106
76, 5, 15.8337
77, 5, 15.4351
78, 5, 14.4174
79, 5, 13.8340
80, 5, 13.1977
81, 5, 12.8595
82, 5, 12.5046
83, 5, 16.2542
84, 5, 15.4157
85, 5, 15.3191
86, 5, 15.0568
87, 5, 14.1831
88, 5, 13.6348
89, 5, 12.9477
90, 5, 13.2845
91, 5, 16.3427
92, 5, 16.5615
93, 5, 16.3465
94, 5, 15.1536
95, 5, 14.1500
96, 5, 12.9798
97, 5, 12.5102
98, 5, 11.8754
99, 5, 16.1541
100, 5, 15.2680
101, 5, 13.6969
102, 5, 12.5709
103, 5, 12.0747
104, 5, 11.9288
105, 5, 11.4401
106, 5, 11.0316
107, 5, 16.2009
108, 5, 14.6952
109, 5, 14.3594
110, 5, 13.7091
111, 5, 13.6487
112, 5, 13.3353
113, 5, 13.1301
114, 5, 12.2903
115, 5, 16.3044
116, 5, 15.6760
117, 5, 15.0567
118, 5, 12.9188
119, 5, 12.8438
120, 5, 12.3662
121, 5, 12.1002
122, 5, 11.9777
123, 5, 16.2742
124, 5, 15.5869
125, 5, 14.7263
126, 5, 14.0393
127, 5, 13.8639
128, 5, 13.7283
129, 5, 13.1639
130, 5, 13.0593
131, 5, 16.2490
132, 5, 16.6375
133, 5, 15.4490
134, 5, 14.7260
135, 5, 14.0413
136, 5, 13.5124
137, 5, 13.4225
138, 5, 13.1670
139, 5, 16.2029
140, 5, 15.9304
141, 5, 15.4747
142, 5, 15.0527
143, 5, 14.4472
144, 5, 13.8023
145, 5, 13.5640
146, 5, 13.3910
147, 5, 16.1814
148, 5, 16.1577
149, 5, 15.2742
150, 5, 14.4785
151, 5, 14.2419
152, 5, 14.2712
153, 5, 13.8812
154, 5, 13.4637
155, 5, 16.1121
156, 5, 15.6817
157, 5, 15.4050
158, 5, 14.0228
159, 5, 13.4410
160, 5, 13.1534
161, 5, 13.3466
162, 5, 13.0665
163, 5, 16.2808
164, 5, 16.0467
165, 5, 15.5087
166, 5, 14.8364
167, 5, 14.8561
168, 5, 14.2618
169, 5, 13.7200
170, 5, 13.4607
171, 5, 16.1061
172, 5, 16.5736
173, 5, 15.3144
174, 5, 14.5626
175, 5, 13.9290
176, 5, 13.1228
177, 5, 12.7266
178, 5, 12.1207
179, 5, 16.0746
180, 5, 15.9150
181, 5, 15.5900
182, 5, 14.7917
183, 5, 14.1442
184, 5, 13.7563
185, 5, 13.4669
186, 5, 13.3261
187, 5, 16.1877
188, 5, 15.6056
189, 5, 14.9984
190, 5, 14.0950
191, 5, 14.1303
192, 5, 13.7172
193, 5, 13.5376
194, 5, 13.1979
195, 5, 16.1869
196, 5, 16.2231
197, 5, 15.4188
198, 5, 14.5296
199, 5, 13.9668
200, 5, 13.9540
201, 5, 14.0787
202, 5, 13.5709
203, 5, 16.0469
204, 5, 15.8198
205, 5, 15.2117
206, 5, 14.6152
207, 5, 14.4506
208, 5, 14.1604
209, 5, 13.6985
210, 5, 13.6710
211, 5, 16.4185
212, 5, 15.7631
213, 5, 15.5865
214, 5, 15.3418
215, 5, 14.6314
216, 5, 14.5770
217, 5, 14.6361
218, 5, 14.0454
219, 5, 16.4317
220, 5, 15.4101
221, 5, 15.3953
222, 5, 14.6954
223, 5, 14.3498
224, 5, 13.6153
225, 5, 13.2027
226, 5, 13.0388
227, 5, 16.4505
228, 5, 16.0802
229, 5, 15.2399
230, 5, 14.2238
231, 5, 13.8363
232, 5, 13.6205
233, 5, 13.1189
234, 5, 12.5097
235, 5, 16.4006
236, 5, 16.4392
237, 5, 15.2429
238, 5, 14.4036
239, 5, 14.0974
240, 5, 13.6325
241, 5, 12.9236
242, 5, 12.5989
243, 5, 16.3366
244, 5, 15.4140
245, 5, 14.9885
246, 5, 14.5917
247, 5, 14.2355
248, 5, 13.9586
249, 5, 13.6067
250, 5, 13.0200
