Frame Index, Action Index, SSIM (dB)
1, 0, 16.8027
2, 0, 17.1505
3, 0, 16.7265
4, 0, 15.8811
5, 0, 15.4286
6, 0, 14.8551
7, 0, 16.6373
8, 0, 17.1842
9, 0, 16.5423
10, 0, 16.0406
11, 0, 15.3909
12, 0, 14.7073
13, 0, 14.2609
14, 0, 13.8494
15, 0, 16.5176
16, 0, 17.1037
17, 0, 16.4151
18, 0, 15.9873
19, 0, 15.3685
20, 0, 14.6038
21, 0, 14.3149
22, 0, 13.8489
23, 0, 16.4365
24, 0, 16.6982
25, 0, 16.4555
26, 0, 15.7814
27, 0, 15.3626
28, 0, 14.7848
29, 0, 14.1740
30, 0, 13.7996
31, 0, 16.5402
32, 0, 16.7726
33, 0, 16.0915
34, 0, 14.9313
35, 0, 14.5035
36, 0, 13.9533
37, 0, 13.3463
38, 0, 13.0504
39, 0, 16.4655
40, 0, 15.7954
41, 0, 15.9352
42, 0, 15.6403
43, 0, 15.2863
44, 0, 14.5796
45, 0, 14.1306
46, 0, 13.8317
47, 0, 16.4489
48, 0, 16.7641
49, 0, 16.4075
50, 0, 15.8925
51, 0, 15.2946
52, 0, 14.3957
53, 0, 14.1328
54, 0, 13.8799
55, 0, 16.2579
56, 0, 16.6548
57, 0, 16.1738
58, 0, 14.9903
59, 0, 14.2605
60, 0, 14.0682
61, 0, 13.8074
62, 0, 13.3876
63, 0, 16.4212
64, 0, 15.9463
65, 0, 15.9084
66, 0, 15.4623
67, 0, 14.9983
68, 0, 14.3573
69, 0, 13.4762
70, 0, 13.1230
71, 0, 16.2648
72, 0, 16.5845
73, 0, 16.1770
74, 0, 15.3849
75, 0, 14.7338
76, 0, 14.3036
77, 0, 13.8605
78, 0, 13.4759
79, 0, 16.3382
80, 0, 16.4076
81, 0, 15.4459
82, 0, 14.5633
83, 0, 14.0057
84, 0, 13.7378
85, 0, 13.7027
86, 0, 13.5186
87, 0, 16.2332
88, 0, 16.8447
89, 0, 16.4105
90, 0, 15.8736
91, 0, 14.7475
92, 0, 14.5321
93, 0, 14.2368
94, 0, 13.7448
95, 0, 16.1913
96, 0, 16.5963
97, 0, 16.1858
98, 0, 15.4045
99, 0, 14.0356
100, 0, 13.0782
101, 0, 12.5726
102, 0, 12.6085
103, 0, 16.1329
104, 0, 15.7667
105, 0, 15.9987
106, 0, 15.5413
107, 0, 15.0659
108, 0, 14.5634
109, 0, 14.1467
110, 0, 13.7271
111, 0, 16.2132
112, 0, 16.7592
113, 0, 16.3726
114, 0, 15.6307
115, 0, 15.1707
116, 0, 14.6849
117, 0, 14.1435
118, 0, 13.5905
119, 0, 16.4645
120, 0, 16.6802
121, 0, 16.2486
122, 0, 15.6720
123, 0, 15.0300
124, 0, 14.5294
125, 0, 14.0690
126, 0, 13.7189
127, 0, 16.2125
128, 0, 16.5492
129, 0, 16.1653
130, 0, 15.7394
131, 0, 15.1147
132, 0, 14.5251
133, 0, 14.0062
134, 0, 13.7405
135, 0, 16.2347
136, 0, 16.2912
137, 0, 16.0413
138, 0, 15.4860
139, 0, 15.0387
140, 0, 14.5008
141, 0, 14.0279
142, 0, 13.5969
143, 0, 16.1501
144, 0, 16.4995
145, 0, 16.1755
146, 0, 15.6261
147, 0, 15.0279
148, 0, 14.3126
149, 0, 13.6707
150, 0, 12.9307
151, 0, 16.2112
152, 0, 16.5693
153, 0, 15.7016
154, 0, 15.4578
155, 0, 14.3541
156, 0, 13.9275
157, 0, 13.6926
158, 0, 13.1053
159, 0, 16.3314
160, 0, 16.0067
161, 0, 15.8619
162, 0, 15.1269
163, 0, 14.7187
164, 0, 14.2970
165, 0, 13.9568
166, 0, 13.6425
167, 0, 16.1571
168, 0, 16.5530
169, 0, 16.0222
170, 0, 15.5624
171, 0, 14.8077
172, 0, 14.3814
173, 0, 14.0916
174, 0, 13.6470
175, 0, 16.2040
176, 0, 16.4921
177, 0, 16.0308
178, 0, 15.6742
179, 0, 15.0011
180, 0, 14.4128
181, 0, 13.8510
182, 0, 13.6335
183, 0, 16.1275
184, 0, 16.5255
185, 0, 15.9575
186, 0, 15.1369
187, 0, 14.5266
188, 0, 13.7936
189, 0, 13.1110
190, 0, 12.6138
191, 0, 16.1231
192, 0, 15.9519
193, 0, 14.8469
194, 0, 14.5574
195, 0, 14.0498
196, 0, 13.5116
197, 0, 13.3087
198, 0, 12.9009
199, 0, 16.1081
200, 0, 16.0675
201, 0, 15.4802
202, 0, 14.1506
203, 0, 13.7467
204, 0, 13.3652
205, 0, 13.0126
206, 0, 12.5140
207, 0, 16.0516
208, 0, 15.9819
209, 0, 14.8046
210, 0, 13.6402
211, 0, 13.9223
212, 0, 13.7548
213, 0, 13.2698
214, 0, 13.1061
215, 0, 16.4227
216, 0, 16.9051
217, 0, 15.6639
218, 0, 14.8261
219, 0, 14.2391
220, 0, 13.9708
221, 0, 14.1589
222, 0, 13.7885
223, 0, 16.4582
224, 0, 16.2673
225, 0, 15.5474
226, 0, 15.4134
227, 0, 15.0271
228, 0, 14.4526
229, 0, 13.7397
230, 0, 13.2316
231, 0, 16.3760
232, 0, 16.8376
233, 0, 16.2803
234, 0, 15.8213
235, 0, 15.2882
236, 0, 14.6596
237, 0, 14.2696
238, 0, 13.7119
239, 0, 16.2884
240, 0, 16.8411
241, 0, 16.1855
242, 0, 15.7850
243, 0, 15.1168
244, 0, 14.5916
245, 0, 14.1578
246, 0, 13.7553
247, 0, 16.3722
248, 0, 16.8317
249, 0, 16.2427
250, 0, 15.6155
1, 1, 12.1443
2, 1, 13.0687
3, 1, 13.4790
4, 1, 13.4730
5, 1, 13.5892
6, 1, 13.4271
7, 1, 16.6373
8, 1, 17.6709
9, 1, 17.0626
10, 1, 16.8225
11, 1, 16.3618
12, 1, 15.8837
13, 1, 15.5943
14, 1, 15.0480
15, 1, 16.5176
16, 1, 16.8502
17, 1, 15.9984
18, 1, 15.6410
19, 1, 14.5098
20, 1, 14.1952
21, 1, 13.9637
22, 1, 13.8322
23, 1, 16.4365
24, 1, 16.5808
25, 1, 16.6643
26, 1, 16.3147
27, 1, 15.9932
28, 1, 15.9356
29, 1, 15.6820
30, 1, 15.6463
31, 1, 16.5402
32, 1, 17.3933
33, 1, 17.1479
34, 1, 15.8076
35, 1, 15.8051
36, 1, 15.7200
37, 1, 15.5396
38, 1, 15.3183
39, 1, 16.4655
40, 1, 15.9709
41, 1, 16.1644
42, 1, 15.6317
43, 1, 15.4932
44, 1, 15.0631
45, 1, 14.9553
46, 1, 14.8254
47, 1, 16.4489
48, 1, 16.4820
49, 1, 16.3393
50, 1, 16.0896
51, 1, 15.7662
52, 1, 14.9881
53, 1, 14.7066
54, 1, 14.4722
55, 1, 16.2579
56, 1, 16.7914
57, 1, 16.4886
58, 1, 15.4072
59, 1, 15.0507
60, 1, 14.9068
61, 1, 14.6880
62, 1, 14.1599
63, 1, 16.4212
64, 1, 15.4046
65, 1, 15.3201
66, 1, 15.0781
67, 1, 15.1397
68, 1, 15.0431
69, 1, 14.4189
70, 1, 14.6373
71, 1, 16.2648
72, 1, 17.0953
73, 1, 16.9752
74, 1, 16.4072
75, 1, 15.9037
76, 1, 15.7638
77, 1, 15.4726
78, 1, 15.1215
79, 1, 16.3382
80, 1, 16.6086
81, 1, 15.6166
82, 1, 14.1894
83, 1, 13.5988
84, 1, 13.0412
85, 1, 13.4098
86, 1, 13.6185
87, 1, 16.2332
88, 1, 17.1437
89, 1, 16.9438
90, 1, 16.6739
91, 1, 15.5266
92, 1, 15.8020
93, 1, 15.7983
94, 1, 15.3964
95, 1, 16.1913
96, 1, 17.1953
97, 1, 16.9085
98, 1, 16.6903
99, 1, 16.3428
100, 1, 15.8534
101, 1, 15.5109
102, 1, 15.3121
103, 1, 16.1329
104, 1, 17.0110
105, 1, 16.9766
106, 1, 16.5624
107, 1, 16.2923
108, 1, 15.9541
109, 1, 15.6336
110, 1, 15.4423
111, 1, 16.2132
112, 1, 17.3103
113, 1, 17.1012
114, 1, 16.5765
115, 1, 16.1574
116, 1, 16.0597
117, 1, 15.6531
118, 1, 14.1037
119, 1, 16.4645
120, 1, 17.2258
121, 1, 17.0367
122, 1, 16.6356
123, 1, 16.0645
124, 1, 15.5486
125, 1, 15.3006
126, 1, 15.3478
127, 1, 16.2125
128, 1, 16.8063
129, 1, 16.3525
130, 1, 16.2653
131, 1, 15.4719
132, 1, 15.0873
133, 1, 14.1877
134, 1, 13.8972
135, 1, 16.2347
136, 1, 15.5885
137, 1, 15.7873
138, 1, 15.0315
139, 1, 14.6290
140, 1, 14.3728
141, 1, 13.9796
142, 1, 13.6436
143, 1, 16.1501
144, 1, 15.8176
145, 1, 15.6638
146, 1, 15.3362
147, 1, 15.2760
148, 1, 15.1713
149, 1, 14.8581
150, 1, 14.6781
151, 1, 16.2112
152, 1, 17.1313
153, 1, 17.0091
154, 1, 16.1167
155, 1, 15.5180
156, 1, 15.6302
157, 1, 15.7162
158, 1, 15.4200
159, 1, 16.3314
160, 1, 17.0622
161, 1, 17.0156
162, 1, 16.3997
163, 1, 15.9835
164, 1, 15.1114
165, 1, 14.9993
166, 1, 15.1165
167, 1, 16.1571
168, 1, 16.5342
169, 1, 15.5420
170, 1, 14.9565
171, 1, 14.4186
172, 1, 14.1306
173, 1, 13.6101
174, 1, 13.1014
175, 1, 16.2040
176, 1, 15.7540
177, 1, 15.3902
178, 1, 14.2325
179, 1, 13.9116
180, 1, 14.0715
181, 1, 13.9305
182, 1, 13.3552
183, 1, 16.1275
184, 1, 15.8317
185, 1, 14.7682
186, 1, 14.2981
187, 1, 14.0096
188, 1, 13.9595
189, 1, 13.4266
190, 1, 13.1966
191, 1, 16.1231
192, 1, 16.1537
193, 1, 14.7588
194, 1, 15.0300
195, 1, 15.0037
196, 1, 14.6378
197, 1, 14.3835
198, 1, 13.8445
199, 1, 16.1081
200, 1, 16.2418
201, 1, 16.1021
202, 1, 14.6483
203, 1, 14.7733
204, 1, 15.0351
205, 1, 14.8165
206, 1, 14.4430
207, 1, 16.0516
208, 1, 15.7121
209, 1, 15.0675
210, 1, 14.8796
211, 1, 14.9374
212, 1, 14.5124
213, 1, 14.0602
214, 1, 14.0591
215, 1, 16.4227
216, 1, 17.3385
217, 1, 16.8352
218, 1, 16.4923
219, 1, 16.3991
220, 1, 15.7664
221, 1, 15.5963
222, 1, 14.8562
223, 1, 16.4582
224, 1, 16.8303
225, 1, 16.9760
226, 1, 16.7136
227, 1, 16.1469
228, 1, 15.8479
229, 1, 15.6130
230, 1, 15.3328
231, 1, 16.3760
232, 1, 17.3734
233, 1, 16.5777
234, 1, 16.1919
235, 1, 15.9470
236, 1, 15.5949
237, 1, 15.1827
238, 1, 14.6756
239, 1, 16.2884
240, 1, 16.7794
241, 1, 16.4438
242, 1, 16.3448
243, 1, 15.5542
244, 1, 15.3520
245, 1, 15.1153
246, 1, 14.9806
247, 1, 16.3722
248, 1, 16.5836
249, 1, 15.7552
250, 1, 15.0641
1, 2, 11.7275
2, 2, 11.7057
3, 2, 11.6883
4, 2, 11.6635
5, 2, 11.9223
6, 2, 11.8276
7, 2, 16.6373
8, 2, 17.4012
9, 2, 17.0383
10, 2, 16.8514
11, 2, 16.6221
12, 2, 16.4516
13, 2, 16.5898
14, 2, 16.1078
15, 2, 16.5176
16, 2, 17.5382
17, 2, 16.7427
18, 2, 16.4981
19, 2, 15.8478
20, 2, 15.8156
21, 2, 15.8777
22, 2, 15.3912
23, 2, 16.4365
24, 2, 16.5068
25, 2, 16.2372
26, 2, 15.7876
27, 2, 15.7068
28, 2, 15.4842
29, 2, 15.2845
30, 2, 15.1380
31, 2, 16.5402
32, 2, 16.9836
33, 2, 16.6339
34, 2, 15.2813
35, 2, 15.3781
36, 2, 15.1151
37, 2, 15.0093
38, 2, 14.8858
39, 2, 16.4655
40, 2, 15.7646
41, 2, 16.2101
42, 2, 15.8194
43, 2, 15.6602
44, 2, 15.2314
45, 2, 15.1065
46, 2, 14.9465
47, 2, 16.4489
48, 2, 16.0788
49, 2, 15.8488
50, 2, 15.7923
51, 2, 15.8609
52, 2, 15.3900
53, 2, 15.6059
54, 2, 15.1766
55, 2, 16.2579
56, 2, 16.9951
57, 2, 17.0807
58, 2, 16.0219
59, 2, 16.0100
60, 2, 15.9175
61, 2, 15.5391
62, 2, 15.3499
63, 2, 16.4212
64, 2, 15.3397
65, 2, 14.8792
66, 2, 14.3829
67, 2, 14.1112
68, 2, 14.2355
69, 2, 13.5693
70, 2, 13.8333
71, 2, 16.2648
72, 2, 16.8045
73, 2, 17.3313
74, 2, 16.9255
75, 2, 16.6003
76, 2, 16.5454
77, 2, 16.5992
78, 2, 16.3896
79, 2, 16.3382
80, 2, 17.6139
81, 2, 17.5047
82, 2, 16.9585
83, 2, 16.9901
84, 2, 16.6127
85, 2, 16.5406
86, 2, 16.2960
87, 2, 16.2332
88, 2, 17.7009
89, 2, 17.5551
90, 2, 17.1749
91, 2, 15.8785
92, 2, 16.2113
93, 2, 16.3487
94, 2, 16.0915
95, 2, 16.1913
96, 2, 17.2565
97, 2, 17.3653
98, 2, 16.9210
99, 2, 16.7875
100, 2, 16.4186
101, 2, 15.8375
102, 2, 16.0504
103, 2, 16.1329
104, 2, 16.3583
105, 2, 17.1005
106, 2, 16.5268
107, 2, 16.4651
108, 2, 15.7715
109, 2, 15.9258
110, 2, 15.8239
111, 2, 16.2132
112, 2, 16.4750
113, 2, 16.7053
114, 2, 15.4879
115, 2, 14.7131
116, 2, 14.2875
117, 2, 14.2387
118, 2, 12.6316
119, 2, 16.4645
120, 2, 16.1717
121, 2, 15.2713
122, 2, 15.1407
123, 2, 14.5411
124, 2, 14.0732
125, 2, 13.6456
126, 2, 13.2567
127, 2, 16.2125
128, 2, 16.0424
129, 2, 15.7090
130, 2, 15.9154
131, 2, 15.5729
132, 2, 15.4993
133, 2, 15.2390
134, 2, 15.1337
135, 2, 16.2347
136, 2, 16.0995
137, 2, 16.2228
138, 2, 15.6672
139, 2, 15.6096
140, 2, 15.7549
141, 2, 15.9129
142, 2, 16.0439
143, 2, 16.1501
144, 2, 16.5757
145, 2, 16.5691
146, 2, 15.9309
147, 2, 15.5536
148, 2, 15.3479
149, 2, 15.3996
150, 2, 15.0330
151, 2, 16.2112
152, 2, 16.7749
153, 2, 15.6903
154, 2, 15.0087
155, 2, 14.0881
156, 2, 13.6815
157, 2, 13.5179
158, 2, 12.8608
159, 2, 16.3314
160, 2, 15.6862
161, 2, 15.4918
162, 2, 14.6438
163, 2, 14.7172
164, 2, 14.0722
165, 2, 13.3725
166, 2, 12.8933
167, 2, 16.1571
168, 2, 15.7963
169, 2, 14.5918
170, 2, 14.3203
171, 2, 13.9506
172, 2, 13.7766
173, 2, 13.7096
174, 2, 13.6208
175, 2, 16.2040
176, 2, 15.6886
177, 2, 15.5882
178, 2, 14.7827
179, 2, 14.5722
180, 2, 14.5022
181, 2, 14.1706
182, 2, 13.8158
183, 2, 16.1275
184, 2, 16.0784
185, 2, 15.0051
186, 2, 14.8572
187, 2, 15.2728
188, 2, 15.1276
189, 2, 14.8154
190, 2, 14.5801
191, 2, 16.1231
192, 2, 16.3966
193, 2, 15.8470
194, 2, 15.5979
195, 2, 15.3389
196, 2, 14.8777
197, 2, 14.7566
198, 2, 14.7419
199, 2, 16.1081
200, 2, 16.7956
201, 2, 16.9807
202, 2, 16.3557
203, 2, 16.1510
204, 2, 15.7035
205, 2, 15.4095
206, 2, 15.1097
207, 2, 16.0516
208, 2, 16.4404
209, 2, 15.7686
210, 2, 15.3256
211, 2, 15.6519
212, 2, 15.7144
213, 2, 15.5713
214, 2, 15.6942
215, 2, 16.4227
216, 2, 17.2496
217, 2, 16.2637
218, 2, 15.8496
219, 2, 15.7159
220, 2, 15.2571
221, 2, 15.2621
222, 2, 14.6904
223, 2, 16.4582
224, 2, 16.3594
225, 2, 15.9922
226, 2, 16.1443
227, 2, 16.0657
228, 2, 15.8547
229, 2, 15.4071
230, 2, 14.8109
231, 2, 16.3760
232, 2, 15.9858
233, 2, 15.0322
234, 2, 14.3223
235, 2, 13.8843
236, 2, 13.6308
237, 2, 13.4179
238, 2, 13.1785
239, 2, 16.2884
240, 2, 16.5323
241, 2, 16.0032
242, 2, 16.1111
243, 2, 15.3322
244, 2, 15.5026
245, 2, 15.6799
246, 2, 15.9284
247, 2, 16.3722
248, 2, 17.0027
249, 2, 16.9071
250, 2, 15.7941
1, 3, 12.0551
2, 3, 12.6535
3, 3, 13.3836
4, 3, 13.4302
5, 3, 13.4233
6, 3, 13.1187
7, 3, 16.6373
8, 3, 17.0671
9, 3, 16.3319
10, 3, 16.2736
11, 3, 15.7296
12, 3, 15.3162
13, 3, 15.1208
14, 3, 14.5511
15, 3, 16.5176
16, 3, 17.0010
17, 3, 16.1184
18, 3, 15.8448
19, 3, 14.6881
20, 3, 14.6892
21, 3, 14.6654
22, 3, 14.4435
23, 3, 16.4365
24, 3, 16.5030
25, 3, 16.3408
26, 3, 15.8003
27, 3, 15.4695
28, 3, 15.0773
29, 3, 14.7507
30, 3, 14.3913
31, 3, 16.5402
32, 3, 16.5878
33, 3, 16.2853
34, 3, 15.2540
35, 3, 15.4842
36, 3, 15.3994
37, 3, 15.1540
38, 3, 15.2015
39, 3, 16.4655
40, 3, 16.0954
41, 3, 16.5081
42, 3, 16.2045
43, 3, 16.2631
44, 3, 15.6272
45, 3, 15.5920
46, 3, 15.3374
47, 3, 16.4489
48, 3, 15.7271
49, 3, 15.4272
50, 3, 14.7470
51, 3, 14.7375
52, 3, 14.1341
53, 3, 14.2976
54, 3, 14.0846
55, 3, 16.2579
56, 3, 17.2262
57, 3, 17.2798
58, 3, 16.2178
59, 3, 16.2453
60, 3, 16.5773
61, 3, 16.8065
62, 3, 16.5632
63, 3, 16.4212
64, 3, 16.5957
65, 3, 17.0439
66, 3, 16.7693
67, 3, 16.9913
68, 3, 16.6604
69, 3, 15.7983
70, 3, 16.0827
71, 3, 16.2648
72, 3, 16.8469
73, 3, 17.0131
74, 3, 16.6981
75, 3, 16.3268
76, 3, 16.0320
77, 3, 16.2362
78, 3, 15.9731
79, 3, 16.3382
80, 3, 16.7796
81, 3, 16.3188
82, 3, 16.0748
83, 3, 16.2743
84, 3, 15.6587
85, 3, 16.0838
86, 3, 16.2486
87, 3, 16.2332
88, 3, 17.3664
89, 3, 17.3456
90, 3, 16.9649
91, 3, 15.0093
92, 3, 15.3687
93, 3, 15.7679
94, 3, 15.1655
95, 3, 16.1913
96, 3, 16.0916
97, 3, 15.9077
98, 3, 15.2149
99, 3, 14.1905
100, 3, 13.7364
101, 3, 13.0531
102, 3, 12.5925
103, 3, 16.1329
104, 3, 14.5410
105, 3, 14.5799
106, 3, 14.1289
107, 3, 14.0292
108, 3, 12.8519
109, 3, 12.6941
110, 3, 12.6586
111, 3, 16.2132
112, 3, 15.7811
113, 3, 16.1209
114, 3, 15.3311
115, 3, 14.7391
116, 3, 14.9633
117, 3, 15.1045
118, 3, 13.5791
119, 3, 16.4645
120, 3, 16.0330
121, 3, 15.4885
122, 3, 15.5999
123, 3, 15.3691
124, 3, 15.3564
125, 3, 15.4669
126, 3, 15.2922
127, 3, 16.2125
128, 3, 16.2514
129, 3, 15.8955
130, 3, 15.6627
131, 3, 15.2325
132, 3, 15.3289
133, 3, 14.8623
134, 3, 14.4965
135, 3, 16.2347
136, 3, 15.2802
137, 3, 15.0855
138, 3, 14.0930
139, 3, 13.5169
140, 3, 12.8654
141, 3, 12.1703
142, 3, 11.8264
143, 3, 16.1501
144, 3, 15.3289
145, 3, 15.0148
146, 3, 14.5845
147, 3, 14.1722
148, 3, 13.4340
149, 3, 12.6820
150, 3, 11.9272
151, 3, 16.2112
152, 3, 16.5481
153, 3, 15.4542
154, 3, 14.8472
155, 3, 13.9584
156, 3, 13.7272
157, 3, 13.7787
158, 3, 13.0082
159, 3, 16.3314
160, 3, 15.9070
161, 3, 15.8943
162, 3, 15.0475
163, 3, 14.5388
164, 3, 13.8036
165, 3, 13.4023
166, 3, 13.0342
167, 3, 16.1571
168, 3, 15.6056
169, 3, 14.9743
170, 3, 15.2581
171, 3, 14.9287
172, 3, 14.7782
173, 3, 14.5019
174, 3, 13.8574
175, 3, 16.2040
176, 3, 16.1579
177, 3, 15.8727
178, 3, 14.7603
179, 3, 14.3099
180, 3, 14.1343
181, 3, 14.2476
182, 3, 14.2812
183, 3, 16.1275
184, 3, 16.4508
185, 3, 16.2297
186, 3, 16.0317
187, 3, 15.6599
188, 3, 15.0785
189, 3, 14.8391
190, 3, 14.7867
191, 3, 16.1231
192, 3, 16.6125
193, 3, 15.8511
194, 3, 15.8592
195, 3, 15.9896
196, 3, 15.7393
197, 3, 15.6370
198, 3, 15.4232
199, 3, 16.1081
200, 3, 16.3843
201, 3, 16.4825
202, 3, 15.2238
203, 3, 15.1477
204, 3, 14.6748
205, 3, 14.3718
206, 3, 14.0681
207, 3, 16.0516
208, 3, 15.6980
209, 3, 15.0942
210, 3, 14.5319
211, 3, 14.8712
212, 3, 14.6250
213, 3, 14.1325
214, 3, 13.9753
215, 3, 16.4227
216, 3, 16.9335
217, 3, 15.2817
218, 3, 14.0756
219, 3, 13.6226
220, 3, 13.3708
221, 3, 13.3868
222, 3, 12.8370
223, 3, 16.4582
224, 3, 15.7820
225, 3, 15.7256
226, 3, 15.7791
227, 3, 15.5643
228, 3, 15.7119
229, 3, 15.6419
230, 3, 15.0276
231, 3, 16.3760
232, 3, 16.6094
233, 3, 15.6041
234, 3, 15.0475
235, 3, 15.0018
236, 3, 15.2068
237, 3, 15.0398
238, 3, 14.3423
239, 3, 16.2884
240, 3, 16.3529
241, 3, 15.2745
242, 3, 15.1053
243, 3, 14.4612
244, 3, 14.3982
245, 3, 14.1955
246, 3, 14.0449
247, 3, 16.3722
248, 3, 16.4374
249, 3, 15.7077
250, 3, 14.9170
1, 4, 11.8208
2, 4, 11.7587
3, 4, 11.9286
4, 4, 11.9811
5, 4, 12.0910
6, 4, 11.9561
7, 4, 16.6373
8, 4, 17.1143
9, 4, 16.2829
10, 4, 16.0010
11, 4, 15.3877
12, 4, 14.8376
13, 4, 14.4197
14, 4, 13.6830
15, 4, 16.5176
16, 4, 16.9139
17, 4, 16.0296
18, 4, 15.8809
19, 4, 14.9028
20, 4, 14.7659
21, 4, 14.8023
22, 4, 14.5400
23, 4, 16.4365
24, 4, 16.5890
25, 4, 16.5062
26, 4, 16.1396
27, 4, 15.6831
28, 4, 15.3862
29, 4, 14.9231
30, 4, 14.3492
31, 4, 16.5402
32, 4, 16.4247
33, 4, 15.4756
34, 4, 14.5211
35, 4, 14.3903
36, 4, 14.3574
37, 4, 14.1165
38, 4, 14.1593
39, 4, 16.4655
40, 4, 15.9939
41, 4, 16.4729
42, 4, 16.2664
43, 4, 16.5275
44, 4, 16.2419
45, 4, 16.3284
46, 4, 16.1655
47, 4, 16.4489
48, 4, 16.4992
49, 4, 16.6771
50, 4, 16.7400
51, 4, 16.6061
52, 4, 15.9086
53, 4, 16.0461
54, 4, 15.4570
55, 4, 16.2579
56, 4, 16.8338
57, 4, 16.9082
58, 4, 15.7579
59, 4, 15.6241
60, 4, 15.7176
61, 4, 15.2400
62, 4, 15.0889
63, 4, 16.4212
64, 4, 15.6487
65, 4, 16.1476
66, 4, 16.1727
67, 4, 16.1321
68, 4, 15.9634
69, 4, 15.1086
70, 4, 15.3118
71, 4, 16.2648
72, 4, 16.3811
73, 4, 16.2702
74, 4, 15.7524
75, 4, 15.4658
76, 4, 15.1449
77, 4, 14.9838
78, 4, 14.3630
79, 4, 16.3382
80, 4, 15.9315
81, 4, 14.9211
82, 4, 13.7744
83, 4, 13.4000
84, 4, 12.6886
85, 4, 12.5134
86, 4, 12.4928
87, 4, 16.2332
88, 4, 16.7179
89, 4, 16.2859
90, 4, 15.6877
91, 4, 13.1469
92, 4, 12.5886
93, 4, 12.4641
94, 4, 12.3038
95, 4, 16.1913
96, 4, 15.8417
97, 4, 15.6798
98, 4, 15.0884
99, 4, 14.6570
100, 4, 14.4242
101, 4, 14.1375
102, 4, 13.8219
103, 4, 16.1329
104, 4, 14.8110
105, 4, 15.0548
106, 4, 14.7924
107, 4, 15.0819
108, 4, 14.3221
109, 4, 14.6337
110, 4, 14.3598
111, 4, 16.2132
112, 4, 15.8197
113, 4, 15.5406
114, 4, 14.6956
115, 4, 14.5440
116, 4, 14.3917
117, 4, 14.2309
118, 4, 12.6313
119, 4, 16.4645
120, 4, 15.8175
121, 4, 14.5772
122, 4, 13.9548
123, 4, 13.0255
124, 4, 12.2323
125, 4, 11.9239
126, 4, 11.6638
127, 4, 16.2125
128, 4, 15.7035
129, 4, 15.1256
130, 4, 14.6724
131, 4, 13.4392
132, 4, 12.8174
133, 4, 12.0772
134, 4, 11.6225
135, 4, 16.2347
136, 4, 15.1510
137, 4, 14.9172
138, 4, 13.9537
139, 4, 13.4724
140, 4, 13.0937
141, 4, 12.5579
142, 4, 12.0803
143, 4, 16.1501
144, 4, 15.5088
145, 4, 15.0486
146, 4, 14.3757
147, 4, 13.7996
148, 4, 13.2311
149, 4, 12.7319
150, 4, 12.1467
151, 4, 16.2112
152, 4, 16.6951
153, 4, 15.8526
154, 4, 15.4345
155, 4, 14.4391
156, 4, 14.0170
157, 4, 13.7882
158, 4, 13.3590
159, 4, 16.3314
160, 4, 15.8206
161, 4, 15.6207
162, 4, 14.7329
163, 4, 14.2343
164, 4, 13.8580
165, 4, 13.6558
166, 4, 13.6277
167, 4, 16.1571
168, 4, 16.3783
169, 4, 15.5887
170, 4, 15.1782
171, 4, 14.6963
172, 4, 14.6436
173, 4, 14.4146
174, 4, 14.2314
175, 4, 16.2040
176, 4, 15.9576
177, 4, 15.8788
178, 4, 15.1239
179, 4, 14.8652
180, 4, 14.8876
181, 4, 14.8224
182, 4, 14.3411
183, 4, 16.1275
184, 4, 16.1746
185, 4, 15.4028
186, 4, 15.0547
187, 4, 14.5051
188, 4, 14.1404
189, 4, 13.6326
190, 4, 13.4539
191, 4, 16.1231
192, 4, 16.3088
193, 4, 15.3278
194, 4, 15.3443
195, 4, 15.0324
196, 4, 14.5233
197, 4, 14.0522
198, 4, 13.3579
199, 4, 16.1081
200, 4, 15.9006
201, 4, 15.1780
202, 4, 13.5923
203, 4, 13.3118
204, 4, 12.8698
205, 4, 12.3611
206, 4, 12.0451
207, 4, 16.0516
208, 4, 15.6048
209, 4, 14.7139
210, 4, 14.3953
211, 4, 14.6724
212, 4, 14.7590
213, 4, 14.2879
214, 4, 14.2204
215, 4, 16.4227
216, 4, 16.9555
217, 4, 15.3757
218, 4, 14.7362
219, 4, 14.8185
220, 4, 14.6373
221, 4, 14.2728
222, 4, 13.4364
223, 4, 16.4582
224, 4, 15.4031
225, 4, 15.0367
226, 4, 15.0071
227, 4, 14.5113
228, 4, 14.3270
229, 4, 13.7728
230, 4, 13.0784
231, 4, 16.3760
232, 4, 15.8939
233, 4, 14.6309
234, 4, 14.0472
235, 4, 13.5370
236, 4, 13.5882
237, 4, 13.4246
238, 4, 13.0279
239, 4, 16.2884
240, 4, 16.2514
241, 4, 15.1936
242, 4, 15.0189
243, 4, 14.2627
244, 4, 14.0564
245, 4, 13.6182
246, 4, 13.2015
247, 4, 16.3722
248, 4, 16.0209
249, 4, 15.4383
250, 4, 14.8709
1, 5, 12.0911
2, 5, 12.2800
3, 5, 12.5465
4, 5, 12.7507
5, 5, 13.0972
6, 5, 13.0858
7, 5, 16.6373
8, 5, 17.2913
9, 5, 16.7649
10, 5, 16.4423
11, 5, 16.0178
12, 5, 15.5262
13, 5, 15.0653
14, 5, 13.9691
15, 5, 16.5176
16, 5, 16.7014
17, 5, 15.7585
18, 5, 15.4683
19, 5, 14.5710
20, 5, 14.4778
21, 5, 14.6440
22, 5, 14.7480
23, 5, 16.4365
24, 5, 16.7078
25, 5, 16.8632
26, 5, 16.7534
27, 5, 16.8352
28, 5, 16.8787
29, 5, 16.5723
30, 5, 16.5159
31, 5, 16.5402
32, 5, 17.1315
33, 5, 17.1356
34, 5, 15.9272
35, 5, 15.9798
36, 5, 16.1764
37, 5, 16.1219
38, 5, 15.9083
39, 5, 16.4655
40, 5, 16.1387
41, 5, 16.6168
42, 5, 16.1679
43, 5, 16.2829
44, 5, 15.7430
45, 5, 15.7791
46, 5, 15.7602
47, 5, 16.4489
48, 5, 16.5341
49, 5, 16.7385
50, 5, 16.4872
51, 5, 16.4805
52, 5, 16.1154
53, 5, 16.2542
54, 5, 15.4936
55, 5, 16.2579
56, 5, 16.6979
57, 5, 16.6371
58, 5, 15.5285
59, 5, 15.5300
60, 5, 15.2221
61, 5, 14.5201
62, 5, 14.1879
63, 5, 16.4212
64, 5, 15.1843
65, 5, 14.8260
66, 5, 14.4861
67, 5, 13.8488
68, 5, 13.4926
69, 5, 12.7893
70, 5, 12.6085
71, 5, 16.2648
72, 5, 15.9279
73, 5, 15.4328
74, 5, 14.3973
75, 5, 13.5400
76, 5, 13.2302
77, 5, 12.9542
78, 5, 12.6448
79, 5, 16.3382
80, 5, 15.9973
81, 5, 15.3039
82, 5, 14.5992
83, 5, 14.4332
84, 5, 14.1224
85, 5, 14.2812
86, 5, 14.0692
87, 5, 16.2332
88, 5, 16.9618
89, 5, 16.9603
90, 5, 16.6948
91, 5, 14.6456
92, 5, 14.6971
93, 5, 14.9365
94, 5, 14.4764
95, 5, 16.1913
96, 5, 15.3779
97, 5, 15.4547
98, 5, 15.0322
99, 5, 14.3753
100, 5, 14.0089
101, 5, 13.3662
102, 5, 12.6897
103, 5, 16.1329
104, 5, 14.2784
105, 5, 13.6728
106, 5, 12.7769
107, 5, 12.2815
108, 5, 11.3803
109, 5, 11.4459
110, 5, 11.1266
111, 5, 16.2132
112, 5, 15.6562
113, 5, 15.2866
114, 5, 13.6860
115, 5, 12.7882
116, 5, 12.2428
117, 5, 11.9160
118, 5, 11.1380
119, 5, 16.4645
120, 5, 15.7483
121, 5, 14.5092
122, 5, 14.1921
123, 5, 13.6051
124, 5, 13.1137
125, 5, 12.5420
126, 5, 12.4433
127, 5, 16.2125
128, 5, 15.7205
129, 5, 15.0915
130, 5, 14.4814
131, 5, 13.6845
132, 5, 13.2409
133, 5, 12.7591
134, 5, 12.2944
135, 5, 16.2347
136, 5, 15.6059
137, 5, 15.6610
138, 5, 14.6474
139, 5, 14.1764
140, 5, 13.5406
141, 5, 13.3132
142, 5, 13.3307
143, 5, 16.1501
144, 5, 15.3947
145, 5, 14.9084
146, 5, 14.3051
147, 5, 14.2297
148, 5, 14.0323
149, 5, 13.8269
150, 5, 13.5497
151, 5, 16.2112
152, 5, 16.9168
153, 5, 15.8364
154, 5, 15.3218
155, 5, 14.5999
156, 5, 14.3604
157, 5, 14.6584
158, 5, 14.3538
159, 5, 16.3314
160, 5, 16.1041
161, 5, 16.3530
162, 5, 15.6199
163, 5, 15.3948
164, 5, 14.9632
165, 5, 14.3990
166, 5, 14.0492
167, 5, 16.1571
168, 5, 15.9562
169, 5, 15.0219
170, 5, 14.7227
171, 5, 14.2351
172, 5, 14.0360
173, 5, 14.0438
174, 5, 13.6542
175, 5, 16.2040
176, 5, 15.9349
177, 5, 15.8509
178, 5, 14.5355
179, 5, 14.1779
180, 5, 13.7392
181, 5, 13.2913
182, 5, 12.9186
183, 5, 16.1275
184, 5, 15.6001
185, 5, 14.4154
186, 5, 13.8102
187, 5, 13.3220
188, 5, 13.0772
189, 5, 12.6807
190, 5, 12.6268
191, 5, 16.1231
192, 5, 16.2662
193, 5, 15.4049
194, 5, 15.6076
195, 5, 15.6143
196, 5, 15.1528
197, 5, 14.9378
198, 5, 14.7106
199, 5, 16.1081
200, 5, 16.1297
201, 5, 15.9612
202, 5, 14.8391
203, 5, 14.7920
204, 5, 14.1001
205, 5, 13.5951
206, 5, 13.0471
207, 5, 16.0516
208, 5, 15.3066
209, 5, 14.5135
210, 5, 13.9079
211, 5, 13.9346
212, 5, 13.7914
213, 5, 13.2395
214, 5, 13.1264
215, 5, 16.4227
216, 5, 16.9139
217, 5, 15.3511
218, 5, 14.2048
219, 5, 14.0404
220, 5, 13.9226
221, 5, 13.8504
222, 5, 13.1240
223, 5, 16.4582
224, 5, 15.5329
225, 5, 15.1564
226, 5, 15.0218
227, 5, 14.3518
228, 5, 13.9994
229, 5, 13.4211
230, 5, 12.7553
231, 5, 16.3760
232, 5, 15.9406
233, 5, 14.9232
234, 5, 14.5944
235, 5, 14.2284
236, 5, 14.2614
237, 5, 14.3556
238, 5, 13.9645
239, 5, 16.2884
240, 5, 16.4862
241, 5, 15.7650
242, 5, 15.7185
243, 5, 14.7875
244, 5, 14.7575
245, 5, 14.3941
246, 5, 13.9633
247, 5, 16.3722
248, 5, 15.8936
249, 5, 14.7960
250, 5, 14.1919
