Frame Index, Action Index, SSIM (dB)
1, 0, 16.8027
2, 0, 16.7377
3, 0, 16.5010
4, 0, 15.6302
5, 0, 16.6070
6, 0, 16.6842
7, 0, 16.6436
8, 0, 16.0859
9, 0, 15.2828
10, 0, 14.7804
11, 0, 14.2326
12, 0, 13.6641
13, 0, 16.5401
14, 0, 16.7113
15, 0, 16.3236
16, 0, 15.9455
17, 0, 15.1308
18, 0, 14.6074
19, 0, 13.6589
20, 0, 13.2973
21, 0, 16.4729
22, 0, 16.9779
23, 0, 16.5237
24, 0, 15.8627
25, 0, 15.2860
26, 0, 14.5138
27, 0, 13.9535
28, 0, 13.4585
29, 0, 16.4248
30, 0, 16.8566
31, 0, 15.7692
32, 0, 14.8152
33, 0, 14.1197
34, 0, 13.3113
35, 0, 12.8906
36, 0, 12.5572
37, 0, 16.4063
38, 0, 16.3783
39, 0, 15.5466
40, 0, 14.9930
41, 0, 14.6228
42, 0, 13.9193
43, 0, 13.5451
44, 0, 12.8956
45, 0, 16.4418
46, 0, 16.3991
47, 0, 15.8567
48, 0, 14.9724
49, 0, 14.6311
50, 0, 13.9981
51, 0, 13.4048
52, 0, 12.5551
53, 0, 16.4367
54, 0, 15.4645
55, 0, 15.2161
56, 0, 14.7095
57, 0, 14.2336
58, 0, 13.6511
59, 0, 12.9565
60, 0, 12.5809
61, 0, 16.4375
62, 0, 15.5697
63, 0, 15.7043
64, 0, 14.7333
65, 0, 14.4438
66, 0, 13.9763
67, 0, 13.5557
68, 0, 13.1061
69, 0, 16.3200
70, 0, 16.2889
71, 0, 15.5505
72, 0, 15.3012
73, 0, 14.8933
74, 0, 14.2127
75, 0, 13.6534
76, 0, 13.3920
77, 0, 16.3045
78, 0, 16.1138
79, 0, 15.6307
80, 0, 15.0383
81, 0, 14.4195
82, 0, 13.8495
83, 0, 13.6553
84, 0, 13.1230
85, 0, 16.1159
86, 0, 16.7542
87, 0, 16.1648
88, 0, 15.7300
89, 0, 15.1108
90, 0, 14.5011
91, 0, 13.1032
92, 0, 12.9553
93, 0, 16.3771
94, 0, 16.2004
95, 0, 15.7891
96, 0, 15.0985
97, 0, 14.4651
98, 0, 13.9015
99, 0, 13.0660
100, 0, 12.4115
101, 0, 16.1584
102, 0, 15.4821
103, 0, 15.4702
104, 0, 14.4535
105, 0, 14.3786
106, 0, 13.7108
107, 0, 13.2503
108, 0, 12.3393
109, 0, 16.2417
110, 0, 16.1670
111, 0, 14.8732
112, 0, 14.8062
113, 0, 14.7033
114, 0, 13.9869
115, 0, 13.1915
116, 0, 12.8880
117, 0, 16.2842
118, 0, 13.7614
119, 0, 13.8591
120, 0, 13.7933
121, 0, 13.5478
122, 0, 13.3008
123, 0, 12.7618
124, 0, 12.3516
125, 0, 16.3040
126, 0, 16.2654
127, 0, 15.9867
128, 0, 15.5275
129, 0, 14.8222
130, 0, 14.4248
131, 0, 13.8418
132, 0, 13.4557
133, 0, 16.2336
134, 0, 16.2543
135, 0, 15.8989
136, 0, 14.9874
137, 0, 14.7405
138, 0, 14.1156
139, 0, 13.7881
140, 0, 13.5611
141, 0, 16.1906
142, 0, 16.6276
143, 0, 15.8470
144, 0, 15.6375
145, 0, 14.9293
146, 0, 14.2754
147, 0, 13.7532
148, 0, 13.4095
149, 0, 16.1166
150, 0, 16.4577
151, 0, 16.1119
152, 0, 15.6028
153, 0, 14.8047
154, 0, 14.2188
155, 0, 13.4683
156, 0, 13.3353
157, 0, 16.3350
158, 0, 16.3218
159, 0, 16.1826
160, 0, 15.5117
161, 0, 15.1365
162, 0, 14.4492
163, 0, 14.0689
164, 0, 13.6754
165, 0, 16.1853
166, 0, 16.4698
167, 0, 16.1328
168, 0, 15.5826
169, 0, 14.8655
170, 0, 14.3424
171, 0, 13.6468
172, 0, 13.4240
173, 0, 16.2768
174, 0, 16.2035
175, 0, 15.6050
176, 0, 14.6347
177, 0, 14.3085
178, 0, 13.6454
179, 0, 13.1965
180, 0, 12.8292
181, 0, 16.1374
182, 0, 16.3299
183, 0, 15.7135
184, 0, 15.0884
185, 0, 14.4412
186, 0, 13.8416
187, 0, 13.4260
188, 0, 13.0854
189, 0, 16.1343
190, 0, 16.4236
191, 0, 15.9980
192, 0, 15.4541
193, 0, 14.8799
194, 0, 14.2421
195, 0, 13.8545
196, 0, 13.5149
197, 0, 16.0852
198, 0, 16.5480
199, 0, 16.0554
200, 0, 15.5862
201, 0, 15.1158
202, 0, 14.3018
203, 0, 13.5814
204, 0, 13.1474
205, 0, 16.1093
206, 0, 16.1875
207, 0, 15.9124
208, 0, 15.0703
209, 0, 14.3233
210, 0, 13.7319
211, 0, 13.4013
212, 0, 13.0575
213, 0, 16.3875
214, 0, 16.3144
215, 0, 15.3458
216, 0, 14.8914
217, 0, 14.0981
218, 0, 13.1738
219, 0, 12.5938
220, 0, 12.0949
221, 0, 16.5050
222, 0, 15.3737
223, 0, 15.2721
224, 0, 14.8043
225, 0, 14.0106
226, 0, 13.7453
227, 0, 13.2648
228, 0, 12.7624
229, 0, 16.3450
230, 0, 15.7133
231, 0, 15.3300
232, 0, 14.7927
233, 0, 14.2024
234, 0, 13.7489
235, 0, 13.1678
236, 0, 12.6124
237, 0, 16.3720
238, 0, 15.8029
239, 0, 15.0293
240, 0, 14.6484
241, 0, 13.8191
242, 0, 13.5201
243, 0, 12.7231
244, 0, 12.3865
245, 0, 16.2685
246, 0, 16.6793
247, 0, 16.1007
248, 0, 15.3153
249, 0, 14.5027
250, 0, 13.7279
1, 1, 11.4876
2, 1, 11.5672
3, 1, 11.7633
4, 1, 11.6666
5, 1, 16.6070
6, 1, 16.3813
7, 1, 16.2799
8, 1, 16.1715
9, 1, 15.6473
10, 1, 15.4293
11, 1, 15.1371
12, 1, 14.6212
13, 1, 16.5401
14, 1, 16.6568
15, 1, 16.4644
16, 1, 16.2013
17, 1, 15.5386
18, 1, 15.4789
19, 1, 14.6951
20, 1, 14.2616
21, 1, 16.4729
22, 1, 17.1085
23, 1, 16.9904
24, 1, 16.2622
25, 1, 15.9983
26, 1, 15.4024
27, 1, 14.9752
28, 1, 14.7444
29, 1, 16.4248
30, 1, 17.1476
31, 1, 16.3922
32, 1, 15.5890
33, 1, 15.1697
34, 1, 14.3897
35, 1, 14.0630
36, 1, 13.7414
37, 1, 16.4063
38, 1, 16.5814
39, 1, 15.8431
40, 1, 15.5114
41, 1, 15.3012
42, 1, 14.6483
43, 1, 14.3798
44, 1, 13.8890
45, 1, 16.4418
46, 1, 16.4444
47, 1, 16.2295
48, 1, 15.5950
49, 1, 15.3482
50, 1, 14.9459
51, 1, 14.6698
52, 1, 13.7460
53, 1, 16.4367
54, 1, 15.5668
55, 1, 15.6542
56, 1, 15.4483
57, 1, 15.2137
58, 1, 14.5199
59, 1, 13.8957
60, 1, 13.7066
61, 1, 16.4375
62, 1, 15.6843
63, 1, 16.4012
64, 1, 15.4881
65, 1, 15.5671
66, 1, 15.2368
67, 1, 15.0854
68, 1, 14.7822
69, 1, 16.3200
70, 1, 16.6211
71, 1, 16.0554
72, 1, 15.7426
73, 1, 15.5964
74, 1, 15.3748
75, 1, 15.0690
76, 1, 14.7941
77, 1, 16.3045
78, 1, 16.7098
79, 1, 16.3708
80, 1, 15.6033
81, 1, 14.9297
82, 1, 14.4012
83, 1, 14.4167
84, 1, 14.1765
85, 1, 16.1159
86, 1, 17.0586
87, 1, 16.5835
88, 1, 16.1906
89, 1, 15.7728
90, 1, 15.4184
91, 1, 13.9003
92, 1, 14.1433
93, 1, 16.3771
94, 1, 16.6630
95, 1, 16.2387
96, 1, 15.9126
97, 1, 15.7806
98, 1, 15.5111
99, 1, 14.9602
100, 1, 14.5590
101, 1, 16.1584
102, 1, 16.2668
103, 1, 16.2926
104, 1, 15.0886
105, 1, 15.3035
106, 1, 14.7907
107, 1, 14.7546
108, 1, 14.0412
109, 1, 16.2417
110, 1, 16.2079
111, 1, 14.9995
112, 1, 14.7800
113, 1, 14.7221
114, 1, 14.0870
115, 1, 13.4828
116, 1, 13.3807
117, 1, 16.2842
118, 1, 14.0146
119, 1, 14.1476
120, 1, 13.8457
121, 1, 13.7081
122, 1, 13.7650
123, 1, 13.4918
124, 1, 13.5449
125, 1, 16.3040
126, 1, 16.2185
127, 1, 16.3507
128, 1, 15.9216
129, 1, 15.4216
130, 1, 15.3039
131, 1, 14.8081
132, 1, 14.5266
133, 1, 16.2336
134, 1, 16.1314
135, 1, 15.8579
136, 1, 15.3098
137, 1, 15.4214
138, 1, 14.8404
139, 1, 14.2216
140, 1, 13.9616
141, 1, 16.1906
142, 1, 16.8561
143, 1, 15.8810
144, 1, 15.5873
145, 1, 15.3056
146, 1, 14.6968
147, 1, 14.3053
148, 1, 13.7991
149, 1, 16.1166
150, 1, 15.7429
151, 1, 15.1914
152, 1, 14.7110
153, 1, 13.9486
154, 1, 13.1764
155, 1, 12.5329
156, 1, 12.4758
157, 1, 16.3350
158, 1, 15.7635
159, 1, 15.0076
160, 1, 14.4930
161, 1, 14.5460
162, 1, 13.8425
163, 1, 13.5345
164, 1, 13.0749
165, 1, 16.1853
166, 1, 15.7814
167, 1, 15.4898
168, 1, 14.9378
169, 1, 14.1484
170, 1, 13.7504
171, 1, 13.0744
172, 1, 12.7433
173, 1, 16.2768
174, 1, 15.6818
175, 1, 15.0489
176, 1, 14.2442
177, 1, 14.0259
178, 1, 13.5098
179, 1, 13.1486
180, 1, 12.8425
181, 1, 16.1374
182, 1, 16.3533
183, 1, 15.7459
184, 1, 15.1013
185, 1, 14.4467
186, 1, 14.2828
187, 1, 13.8880
188, 1, 13.5997
189, 1, 16.1343
190, 1, 16.1047
191, 1, 15.8799
192, 1, 15.4314
193, 1, 14.6767
194, 1, 14.5464
195, 1, 14.3097
196, 1, 14.1328
197, 1, 16.0852
198, 1, 16.1816
199, 1, 15.9274
200, 1, 15.5050
201, 1, 15.3926
202, 1, 14.4805
203, 1, 14.4105
204, 1, 14.1530
205, 1, 16.1093
206, 1, 16.2763
207, 1, 16.1596
208, 1, 15.4654
209, 1, 14.6274
210, 1, 14.2265
211, 1, 14.1209
212, 1, 13.8655
213, 1, 16.3875
214, 1, 16.5067
215, 1, 15.5919
216, 1, 15.5251
217, 1, 15.0082
218, 1, 14.3267
219, 1, 13.9284
220, 1, 13.2030
221, 1, 16.5050
222, 1, 15.2512
223, 1, 15.4091
224, 1, 15.1539
225, 1, 14.6148
226, 1, 14.5456
227, 1, 14.0797
228, 1, 13.6093
229, 1, 16.3450
230, 1, 15.7150
231, 1, 15.4045
232, 1, 15.4187
233, 1, 14.9845
234, 1, 14.7479
235, 1, 14.2556
236, 1, 13.9947
237, 1, 16.3720
238, 1, 15.7634
239, 1, 15.1460
240, 1, 15.1298
241, 1, 14.5935
242, 1, 14.5605
243, 1, 13.8365
244, 1, 13.5856
245, 1, 16.2685
246, 1, 17.0181
247, 1, 16.5908
248, 1, 16.1983
249, 1, 15.6136
250, 1, 15.1361
1, 2, 12.1169
2, 2, 12.5632
3, 2, 12.8476
4, 2, 12.8952
5, 2, 16.6070
6, 2, 16.5004
7, 2, 16.5041
8, 2, 16.4524
9, 2, 16.2057
10, 2, 16.2257
11, 2, 15.9525
12, 2, 15.5334
13, 2, 16.5401
14, 2, 16.9230
15, 2, 16.6714
16, 2, 16.4434
17, 2, 15.7188
18, 2, 15.7003
19, 2, 15.0480
20, 2, 14.9969
21, 2, 16.4729
22, 2, 17.1070
23, 2, 16.8711
24, 2, 16.1346
25, 2, 15.8755
26, 2, 15.5375
27, 2, 15.3762
28, 2, 15.1269
29, 2, 16.4248
30, 2, 17.1149
31, 2, 16.6332
32, 2, 16.2217
33, 2, 16.1639
34, 2, 15.4174
35, 2, 15.5188
36, 2, 15.2483
37, 2, 16.4063
38, 2, 16.8409
39, 2, 16.2177
40, 2, 15.9470
41, 2, 15.7008
42, 2, 15.4453
43, 2, 15.3889
44, 2, 14.8252
45, 2, 16.4418
46, 2, 16.5846
47, 2, 16.2998
48, 2, 15.1658
49, 2, 15.2078
50, 2, 14.9043
51, 2, 14.6537
52, 2, 13.9872
53, 2, 16.4367
54, 2, 15.7342
55, 2, 15.6777
56, 2, 15.3171
57, 2, 15.1542
58, 2, 14.7442
59, 2, 14.6558
60, 2, 14.6662
61, 2, 16.4375
62, 2, 15.6746
63, 2, 16.1105
64, 2, 15.3873
65, 2, 15.4697
66, 2, 15.1680
67, 2, 15.1068
68, 2, 14.9362
69, 2, 16.3200
70, 2, 16.5365
71, 2, 16.1225
72, 2, 15.9095
73, 2, 15.7595
74, 2, 15.1008
75, 2, 14.6225
76, 2, 14.3370
77, 2, 16.3045
78, 2, 16.4399
79, 2, 15.9358
80, 2, 15.3043
81, 2, 14.6023
82, 2, 13.9943
83, 2, 13.7175
84, 2, 13.3420
85, 2, 16.1159
86, 2, 16.6006
87, 2, 15.3745
88, 2, 14.7680
89, 2, 14.1828
90, 2, 13.7342
91, 2, 12.3932
92, 2, 12.0907
93, 2, 16.3771
94, 2, 15.6454
95, 2, 15.0239
96, 2, 14.5146
97, 2, 14.2630
98, 2, 13.9645
99, 2, 13.3294
100, 2, 12.8660
101, 2, 16.1584
102, 2, 15.2973
103, 2, 15.3325
104, 2, 14.2011
105, 2, 13.6919
106, 2, 12.9004
107, 2, 12.7175
108, 2, 11.9709
109, 2, 16.2417
110, 2, 15.8480
111, 2, 14.5620
112, 2, 14.0765
113, 2, 13.8586
114, 2, 13.2254
115, 2, 12.5441
116, 2, 12.4533
117, 2, 16.2842
118, 2, 13.8818
119, 2, 13.9401
120, 2, 13.5618
121, 2, 13.5228
122, 2, 13.4628
123, 2, 13.1170
124, 2, 12.8562
125, 2, 16.3040
126, 2, 15.8820
127, 2, 15.9745
128, 2, 15.4356
129, 2, 14.8870
130, 2, 14.7378
131, 2, 14.2175
132, 2, 13.8743
133, 2, 16.2336
134, 2, 15.7649
135, 2, 15.2833
136, 2, 14.6044
137, 2, 14.7714
138, 2, 14.5454
139, 2, 14.2523
140, 2, 13.7632
141, 2, 16.1906
142, 2, 16.8709
143, 2, 15.9357
144, 2, 15.4149
145, 2, 15.1015
146, 2, 14.4971
147, 2, 14.3108
148, 2, 14.0590
149, 2, 16.1166
150, 2, 15.8915
151, 2, 15.7002
152, 2, 15.2996
153, 2, 14.6636
154, 2, 14.0854
155, 2, 13.3570
156, 2, 13.0072
157, 2, 16.3350
158, 2, 15.7595
159, 2, 15.2826
160, 2, 14.8644
161, 2, 14.8406
162, 2, 14.0092
163, 2, 13.5676
164, 2, 13.2745
165, 2, 16.1853
166, 2, 15.7034
167, 2, 15.7132
168, 2, 15.2897
169, 2, 14.5967
170, 2, 14.2758
171, 2, 13.7543
172, 2, 13.4455
173, 2, 16.2768
174, 2, 15.6688
175, 2, 15.3579
176, 2, 14.6321
177, 2, 14.5410
178, 2, 14.1221
179, 2, 13.6635
180, 2, 13.5005
181, 2, 16.1374
182, 2, 16.4470
183, 2, 16.2629
184, 2, 15.7522
185, 2, 15.2812
186, 2, 15.0467
187, 2, 14.8330
188, 2, 14.5599
189, 2, 16.1343
190, 2, 16.3599
191, 2, 16.3165
192, 2, 15.8147
193, 2, 15.0685
194, 2, 15.2471
195, 2, 15.2731
196, 2, 14.9567
197, 2, 16.0852
198, 2, 16.5297
199, 2, 16.3925
200, 2, 15.8370
201, 2, 15.6804
202, 2, 14.7672
203, 2, 14.7492
204, 2, 14.5588
205, 2, 16.1093
206, 2, 16.4094
207, 2, 16.3640
208, 2, 15.2034
209, 2, 14.3645
210, 2, 13.8760
211, 2, 14.0008
212, 2, 14.2285
213, 2, 16.3875
214, 2, 16.7885
215, 2, 15.6915
216, 2, 15.9883
217, 2, 15.7098
218, 2, 15.3776
219, 2, 15.3352
220, 2, 14.6206
221, 2, 16.5050
222, 2, 15.8136
223, 2, 16.1573
224, 2, 15.6658
225, 2, 15.2848
226, 2, 15.2148
227, 2, 15.1317
228, 2, 14.9249
229, 2, 16.3450
230, 2, 15.7375
231, 2, 15.5660
232, 2, 15.3839
233, 2, 14.6585
234, 2, 14.3357
235, 2, 13.9154
236, 2, 13.8479
237, 2, 16.3720
238, 2, 16.0401
239, 2, 15.4958
240, 2, 15.3049
241, 2, 14.6209
242, 2, 14.7011
243, 2, 14.1827
244, 2, 14.2939
245, 2, 16.2685
246, 2, 16.9949
247, 2, 16.7953
248, 2, 16.1689
249, 2, 15.7410
250, 2, 15.1725
1, 3, 12.0955
2, 3, 12.2803
3, 3, 12.5649
4, 3, 12.5761
5, 3, 16.6070
6, 3, 16.4126
7, 3, 16.2416
8, 3, 16.0262
9, 3, 15.4407
10, 3, 15.2717
11, 3, 14.9211
12, 3, 14.6341
13, 3, 16.5401
14, 3, 16.4806
15, 3, 16.2334
16, 3, 15.8188
17, 3, 14.9518
18, 3, 14.6325
19, 3, 13.7707
20, 3, 13.5543
21, 3, 16.4729
22, 3, 16.4793
23, 3, 15.8072
24, 3, 14.7544
25, 3, 14.1783
26, 3, 13.6888
27, 3, 13.1719
28, 3, 12.8003
29, 3, 16.4248
30, 3, 16.6957
31, 3, 15.7417
32, 3, 14.7673
33, 3, 14.4181
34, 3, 13.9795
35, 3, 13.6306
36, 3, 13.0804
37, 3, 16.4063
38, 3, 16.4069
39, 3, 15.5600
40, 3, 14.9176
41, 3, 14.4448
42, 3, 13.7319
43, 3, 13.2687
44, 3, 12.6461
45, 3, 16.4418
46, 3, 16.3649
47, 3, 15.8727
48, 3, 14.4533
49, 3, 14.3503
50, 3, 13.8187
51, 3, 13.5132
52, 3, 13.0231
53, 3, 16.4367
54, 3, 15.4610
55, 3, 15.1162
56, 3, 14.8803
57, 3, 14.5535
58, 3, 14.2149
59, 3, 13.6228
60, 3, 13.2729
61, 3, 16.4375
62, 3, 15.2086
63, 3, 15.2634
64, 3, 14.6164
65, 3, 14.4340
66, 3, 14.1089
67, 3, 13.8566
68, 3, 13.2959
69, 3, 16.3200
70, 3, 16.1788
71, 3, 15.4140
72, 3, 15.1123
73, 3, 15.0652
74, 3, 14.6633
75, 3, 14.1109
76, 3, 13.7658
77, 3, 16.3045
78, 3, 16.3879
79, 3, 15.6713
80, 3, 14.9944
81, 3, 14.2196
82, 3, 13.5110
83, 3, 13.4141
84, 3, 13.1314
85, 3, 16.1159
86, 3, 16.6783
87, 3, 15.5595
88, 3, 15.1448
89, 3, 14.7705
90, 3, 14.2280
91, 3, 12.4662
92, 3, 12.0261
93, 3, 16.3771
94, 3, 15.7864
95, 3, 15.2731
96, 3, 14.7266
97, 3, 14.2055
98, 3, 13.6799
99, 3, 13.0910
100, 3, 12.5614
101, 3, 16.1584
102, 3, 15.5863
103, 3, 15.5386
104, 3, 14.4607
105, 3, 14.0741
106, 3, 13.4963
107, 3, 13.1485
108, 3, 12.1567
109, 3, 16.2417
110, 3, 15.8315
111, 3, 14.9107
112, 3, 14.3630
113, 3, 14.2369
114, 3, 13.5319
115, 3, 12.8352
116, 3, 12.9796
117, 3, 16.2842
118, 3, 14.1939
119, 3, 14.3244
120, 3, 14.0630
121, 3, 13.9330
122, 3, 13.9380
123, 3, 13.5430
124, 3, 13.3789
125, 3, 16.3040
126, 3, 15.9750
127, 3, 15.9207
128, 3, 15.2564
129, 3, 15.0136
130, 3, 15.0326
131, 3, 14.5309
132, 3, 14.2176
133, 3, 16.2336
134, 3, 15.9278
135, 3, 15.1996
136, 3, 14.3769
137, 3, 14.5334
138, 3, 14.2009
139, 3, 14.0163
140, 3, 13.8652
141, 3, 16.1906
142, 3, 16.8059
143, 3, 15.4732
144, 3, 14.8194
145, 3, 14.5424
146, 3, 14.2043
147, 3, 14.2088
148, 3, 13.8824
149, 3, 16.1166
150, 3, 15.7816
151, 3, 15.7345
152, 3, 15.7092
153, 3, 15.3837
154, 3, 15.1127
155, 3, 14.3936
156, 3, 14.0929
157, 3, 16.3350
158, 3, 16.0075
159, 3, 15.3047
160, 3, 15.0881
161, 3, 15.0454
162, 3, 14.5832
163, 3, 14.4017
164, 3, 13.8130
165, 3, 16.1853
166, 3, 15.8908
167, 3, 15.6626
168, 3, 14.7577
169, 3, 13.9636
170, 3, 13.7187
171, 3, 13.2381
172, 3, 13.1827
173, 3, 16.2768
174, 3, 15.8006
175, 3, 15.1213
176, 3, 14.3009
177, 3, 14.2166
178, 3, 14.0309
179, 3, 13.8890
180, 3, 13.8181
181, 3, 16.1374
182, 3, 16.4226
183, 3, 16.0454
184, 3, 15.5016
185, 3, 14.8591
186, 3, 14.7162
187, 3, 14.2936
188, 3, 14.0701
189, 3, 16.1343
190, 3, 16.2361
191, 3, 16.2231
192, 3, 15.6822
193, 3, 14.7712
194, 3, 14.6018
195, 3, 14.2996
196, 3, 13.8423
197, 3, 16.0852
198, 3, 16.2845
199, 3, 15.7369
200, 3, 15.3633
201, 3, 15.0216
202, 3, 13.9416
203, 3, 13.7127
204, 3, 13.2189
205, 3, 16.1093
206, 3, 15.7994
207, 3, 15.1814
208, 3, 13.8003
209, 3, 12.9711
210, 3, 12.4080
211, 3, 12.3417
212, 3, 12.0645
213, 3, 16.3875
214, 3, 16.0161
215, 3, 14.5853
216, 3, 14.3897
217, 3, 14.1884
218, 3, 13.5545
219, 3, 13.2508
220, 3, 12.4064
221, 3, 16.5050
222, 3, 15.0834
223, 3, 14.9840
224, 3, 14.6632
225, 3, 13.6893
226, 3, 13.2216
227, 3, 12.8890
228, 3, 12.4427
229, 3, 16.3450
230, 3, 15.4029
231, 3, 15.0996
232, 3, 14.8072
233, 3, 14.0525
234, 3, 13.4541
235, 3, 12.9577
236, 3, 12.7103
237, 3, 16.3720
238, 3, 15.7964
239, 3, 15.0730
240, 3, 14.6308
241, 3, 14.1482
242, 3, 14.0514
243, 3, 13.4561
244, 3, 13.1744
245, 3, 16.2685
246, 3, 16.7655
247, 3, 16.2281
248, 3, 15.4653
249, 3, 14.7996
250, 3, 14.1629
1, 4, 11.6387
2, 4, 11.5779
3, 4, 11.4276
4, 4, 11.4514
5, 4, 16.6070
6, 4, 16.0000
7, 4, 15.6102
8, 4, 15.3852
9, 4, 14.8481
10, 4, 14.4965
11, 4, 14.2513
12, 4, 13.9505
13, 4, 16.5401
14, 4, 16.2946
15, 4, 15.8716
16, 4, 15.3622
17, 4, 14.4808
18, 4, 14.3109
19, 4, 13.5000
20, 4, 13.3792
21, 4, 16.4729
22, 4, 16.5529
23, 4, 15.9219
24, 4, 15.0418
25, 4, 14.4267
26, 4, 13.7434
27, 4, 13.0682
28, 4, 12.7171
29, 4, 16.4248
30, 4, 16.7503
31, 4, 15.6252
32, 4, 14.6041
33, 4, 13.9980
34, 4, 13.6926
35, 4, 13.3788
36, 4, 12.7717
37, 4, 16.4063
38, 4, 16.4476
39, 4, 15.5276
40, 4, 14.9394
41, 4, 14.5665
42, 4, 13.8320
43, 4, 13.1918
44, 4, 12.5554
45, 4, 16.4418
46, 4, 16.4366
47, 4, 15.9850
48, 4, 14.7075
49, 4, 14.4673
50, 4, 13.9524
51, 4, 13.7032
52, 4, 13.0985
53, 4, 16.4367
54, 4, 15.5125
55, 4, 15.4009
56, 4, 15.0767
57, 4, 14.7900
58, 4, 14.4827
59, 4, 13.8926
60, 4, 13.6527
61, 4, 16.4375
62, 4, 14.9990
63, 4, 14.9579
64, 4, 14.6326
65, 4, 14.5946
66, 4, 14.1425
67, 4, 13.8520
68, 4, 13.6421
69, 4, 16.3200
70, 4, 15.9232
71, 4, 15.0126
72, 4, 14.6191
73, 4, 14.3749
74, 4, 14.0449
75, 4, 13.8990
76, 4, 13.5505
77, 4, 16.3045
78, 4, 15.9722
79, 4, 15.0654
80, 4, 14.3804
81, 4, 13.8863
82, 4, 13.3955
83, 4, 13.1890
84, 4, 13.0643
85, 4, 16.1159
86, 4, 16.7506
87, 4, 15.9005
88, 4, 15.7272
89, 4, 15.4600
90, 4, 15.0635
91, 4, 13.1097
92, 4, 12.8358
93, 4, 16.3771
94, 4, 15.7561
95, 4, 15.3046
96, 4, 14.5888
97, 4, 14.4662
98, 4, 14.1185
99, 4, 13.4172
100, 4, 12.8076
101, 4, 16.1584
102, 4, 15.3056
103, 4, 14.9364
104, 4, 13.7011
105, 4, 13.2802
106, 4, 12.7340
107, 4, 12.5176
108, 4, 11.8239
109, 4, 16.2417
110, 4, 15.5831
111, 4, 14.3048
112, 4, 13.8998
113, 4, 13.7583
114, 4, 13.3649
115, 4, 12.9302
116, 4, 12.7944
117, 4, 16.2842
118, 4, 13.9348
119, 4, 14.0029
120, 4, 13.7090
121, 4, 13.4544
122, 4, 13.3456
123, 4, 13.0034
124, 4, 12.8115
125, 4, 16.3040
126, 4, 16.0903
127, 4, 15.8465
128, 4, 14.9345
129, 4, 14.2288
130, 4, 13.9704
131, 4, 13.3440
132, 4, 13.1109
133, 4, 16.2336
134, 4, 15.5267
135, 4, 14.7737
136, 4, 13.8080
137, 4, 13.6307
138, 4, 13.0942
139, 4, 12.6004
140, 4, 12.2582
141, 4, 16.1906
142, 4, 16.4106
143, 4, 14.5905
144, 4, 13.6905
145, 4, 13.0359
146, 4, 12.4523
147, 4, 11.9503
148, 4, 11.5805
149, 4, 16.1166
150, 4, 15.2392
151, 4, 14.6208
152, 4, 14.2660
153, 4, 13.4855
154, 4, 13.0289
155, 4, 12.3769
156, 4, 11.8518
157, 4, 16.3350
158, 4, 15.4638
159, 4, 14.6025
160, 4, 13.7045
161, 4, 13.2794
162, 4, 12.5135
163, 4, 12.0358
164, 4, 11.5428
165, 4, 16.1853
166, 4, 15.5904
167, 4, 15.1572
168, 4, 14.0453
169, 4, 13.0916
170, 4, 12.5551
171, 4, 12.1254
172, 4, 12.0376
173, 4, 16.2768
174, 4, 15.5938
175, 4, 14.6059
176, 4, 13.8147
177, 4, 13.4626
178, 4, 13.2001
179, 4, 12.7614
180, 4, 12.4789
181, 4, 16.1374
182, 4, 16.0693
183, 4, 15.2521
184, 4, 14.4666
185, 4, 13.8509
186, 4, 13.7252
187, 4, 13.1363
188, 4, 12.6516
189, 4, 16.1343
190, 4, 15.9394
191, 4, 15.6594
192, 4, 15.0279
193, 4, 14.2111
194, 4, 14.0498
195, 4, 13.6247
196, 4, 13.1889
197, 4, 16.0852
198, 4, 16.2053
199, 4, 15.4753
200, 4, 14.8215
201, 4, 14.4817
202, 4, 13.4965
203, 4, 13.3768
204, 4, 12.9109
205, 4, 16.1093
206, 4, 16.0057
207, 4, 15.3897
208, 4, 14.1277
209, 4, 13.2596
210, 4, 12.6187
211, 4, 12.3335
212, 4, 11.9466
213, 4, 16.3875
214, 4, 16.0174
215, 4, 14.6237
216, 4, 14.3348
217, 4, 14.0011
218, 4, 13.2489
219, 4, 12.9561
220, 4, 12.1035
221, 4, 16.5050
222, 4, 15.2491
223, 4, 15.0167
224, 4, 14.6472
225, 4, 13.5925
226, 4, 13.3003
227, 4, 12.9284
228, 4, 12.2318
229, 4, 16.3450
230, 4, 15.3956
231, 4, 15.1644
232, 4, 14.8324
233, 4, 14.0056
234, 4, 13.4440
235, 4, 12.9625
236, 4, 12.8591
237, 4, 16.3720
238, 4, 16.0366
239, 4, 15.3702
240, 4, 14.9863
241, 4, 14.3370
242, 4, 14.2543
243, 4, 13.6826
244, 4, 13.4444
245, 4, 16.2685
246, 4, 16.8151
247, 4, 16.0782
248, 4, 15.2463
249, 4, 14.7904
250, 4, 14.3686
1, 5, 11.7191
2, 5, 11.8878
3, 5, 11.9628
4, 5, 12.0896
5, 5, 16.6070
6, 5, 15.9849
7, 5, 15.6866
8, 5, 15.3651
9, 5, 14.9043
10, 5, 14.9319
11, 5, 14.8499
12, 5, 14.5973
13, 5, 16.5401
14, 5, 16.2290
15, 5, 15.8890
16, 5, 15.4863
17, 5, 14.7642
18, 5, 14.6110
19, 5, 14.0437
20, 5, 13.8538
21, 5, 16.4729
22, 5, 16.7585
23, 5, 16.4848
24, 5, 15.7472
25, 5, 15.3793
26, 5, 14.9081
27, 5, 14.5647
28, 5, 14.2789
29, 5, 16.4248
30, 5, 16.8557
31, 5, 15.8700
32, 5, 15.1404
33, 5, 14.7584
34, 5, 14.4174
35, 5, 14.0514
36, 5, 13.5340
37, 5, 16.4063
38, 5, 16.2690
39, 5, 15.3617
40, 5, 14.7093
41, 5, 14.2791
42, 5, 13.7789
43, 5, 13.5144
44, 5, 13.0465
45, 5, 16.4418
46, 5, 16.4500
47, 5, 16.0367
48, 5, 14.7988
49, 5, 14.9138
50, 5, 14.6847
51, 5, 14.3567
52, 5, 13.7283
53, 5, 16.4367
54, 5, 15.5184
55, 5, 15.3899
56, 5, 15.0075
57, 5, 14.6236
58, 5, 14.4444
59, 5, 13.8463
60, 5, 13.7170
61, 5, 16.4375
62, 5, 15.0593
63, 5, 15.0178
64, 5, 14.3512
65, 5, 14.1127
66, 5, 13.4634
67, 5, 13.3053
68, 5, 13.1828
69, 5, 16.3200
70, 5, 16.0110
71, 5, 14.9124
72, 5, 14.2717
73, 5, 13.7306
74, 5, 13.2105
75, 5, 12.9690
76, 5, 12.3254
77, 5, 16.3045
78, 5, 15.7760
79, 5, 14.6626
80, 5, 13.5753
81, 5, 12.7772
82, 5, 11.9877
83, 5, 11.7260
84, 5, 11.4621
85, 5, 16.1159
86, 5, 16.5300
87, 5, 15.4051
88, 5, 14.8376
89, 5, 14.2543
90, 5, 13.6970
91, 5, 11.9572
92, 5, 11.5259
93, 5, 16.3771
94, 5, 15.4208
95, 5, 14.5062
96, 5, 13.5163
97, 5, 12.9367
98, 5, 12.3399
99, 5, 11.7141
100, 5, 11.2889
101, 5, 16.1584
102, 5, 15.0112
103, 5, 14.4852
104, 5, 13.2222
105, 5, 12.5751
106, 5, 12.1716
107, 5, 12.1240
108, 5, 11.5477
109, 5, 16.2417
110, 5, 15.7186
111, 5, 14.4088
112, 5, 13.7993
113, 5, 13.6553
114, 5, 13.0600
115, 5, 12.2995
116, 5, 12.1294
117, 5, 16.2842
118, 5, 13.7507
119, 5, 13.6113
120, 5, 13.1143
121, 5, 12.8743
122, 5, 12.6676
123, 5, 12.0880
124, 5, 12.0607
125, 5, 16.3040
126, 5, 15.6728
127, 5, 15.4471
128, 5, 14.8288
129, 5, 14.1183
130, 5, 13.8699
131, 5, 13.4306
132, 5, 13.2582
133, 5, 16.2336
134, 5, 15.3907
135, 5, 14.6431
136, 5, 13.7653
137, 5, 13.5931
138, 5, 13.1987
139, 5, 12.8773
140, 5, 12.5912
141, 5, 16.1906
142, 5, 16.4851
143, 5, 14.9793
144, 5, 14.1040
145, 5, 13.4377
146, 5, 12.7508
147, 5, 12.2386
148, 5, 12.0292
149, 5, 16.1166
150, 5, 15.3857
151, 5, 14.8955
152, 5, 14.3777
153, 5, 13.6772
154, 5, 13.1818
155, 5, 12.5064
156, 5, 12.0579
157, 5, 16.3350
158, 5, 15.5805
159, 5, 14.7370
160, 5, 14.0389
161, 5, 13.8738
162, 5, 13.1233
163, 5, 12.4886
164, 5, 12.1093
165, 5, 16.1853
166, 5, 15.8415
167, 5, 15.4745
168, 5, 14.5352
169, 5, 13.4952
170, 5, 13.0120
171, 5, 12.8352
172, 5, 12.7823
173, 5, 16.2768
174, 5, 15.7456
175, 5, 15.1175
176, 5, 14.2411
177, 5, 14.0549
178, 5, 13.7524
179, 5, 13.5220
180, 5, 13.3442
181, 5, 16.1374
182, 5, 16.1851
183, 5, 15.4103
184, 5, 14.9806
185, 5, 14.5354
186, 5, 14.3207
187, 5, 13.8216
188, 5, 13.6551
189, 5, 16.1343
190, 5, 15.8291
191, 5, 15.5048
192, 5, 14.8905
193, 5, 14.0498
194, 5, 14.0828
195, 5, 14.1239
196, 5, 13.8916
197, 5, 16.0852
198, 5, 16.0536
199, 5, 15.2519
200, 5, 14.5880
201, 5, 14.3728
202, 5, 13.7415
203, 5, 13.6196
204, 5, 13.4593
205, 5, 16.1093
206, 5, 16.0139
207, 5, 15.8129
208, 5, 14.8048
209, 5, 14.1457
210, 5, 13.6237
211, 5, 13.5600
212, 5, 13.5044
213, 5, 16.3875
214, 5, 16.1595
215, 5, 14.9181
216, 5, 14.7083
217, 5, 14.8474
218, 5, 14.2751
219, 5, 13.9554
220, 5, 13.0049
221, 5, 16.5050
222, 5, 15.1643
223, 5, 14.7941
224, 5, 14.3281
225, 5, 13.2879
226, 5, 13.0820
227, 5, 12.9324
228, 5, 12.5329
229, 5, 16.3450
230, 5, 15.4032
231, 5, 15.1039
232, 5, 14.8561
233, 5, 14.1640
234, 5, 13.8494
235, 5, 13.7021
236, 5, 13.5113
237, 5, 16.3720
238, 5, 15.9547
239, 5, 15.3375
240, 5, 15.0239
241, 5, 14.3100
242, 5, 14.1604
243, 5, 13.6801
244, 5, 13.5250
245, 5, 16.2685
246, 5, 16.8287
247, 5, 16.2232
248, 5, 15.0931
249, 5, 14.2622
250, 5, 13.8781
