Frame Index, Action Index, SSIM (dB)
1, 0, 16.8027
2, 0, 17.1507
3, 0, 16.7283
4, 0, 15.8900
5, 0, 15.4268
6, 0, 14.8601
7, 0, 16.6373
8, 0, 17.1847
9, 0, 16.5489
10, 0, 16.0401
11, 0, 15.3833
12, 0, 14.7186
13, 0, 14.2394
14, 0, 13.8241
15, 0, 16.5176
16, 0, 17.1037
17, 0, 16.4482
18, 0, 16.0186
19, 0, 15.3551
20, 0, 14.7201
21, 0, 14.3549
22, 0, 13.9399
23, 0, 16.4365
24, 0, 16.7960
25, 0, 16.4692
26, 0, 15.8016
27, 0, 15.3623
28, 0, 14.8020
29, 0, 14.1643
30, 0, 13.8575
31, 0, 16.5402
32, 0, 16.8581
33, 0, 16.1789
34, 0, 15.0841
35, 0, 14.6998
36, 0, 14.1398
37, 0, 13.5349
38, 0, 13.2271
39, 0, 16.4655
40, 0, 15.9170
41, 0, 16.0919
42, 0, 15.8226
43, 0, 15.3784
44, 0, 14.7009
45, 0, 14.1776
46, 0, 13.8183
47, 0, 16.4489
48, 0, 16.7643
49, 0, 16.4053
50, 0, 15.8827
51, 0, 15.3661
52, 0, 14.5305
53, 0, 14.1891
54, 0, 13.8522
55, 0, 16.2579
56, 0, 16.7324
57, 0, 16.2700
58, 0, 15.1889
59, 0, 14.3978
60, 0, 14.2161
61, 0, 14.1166
62, 0, 13.6959
63, 0, 16.4212
64, 0, 16.1305
65, 0, 16.0570
66, 0, 15.6567
67, 0, 15.1272
68, 0, 14.4795
69, 0, 13.6970
70, 0, 13.3323
71, 0, 16.2648
72, 0, 16.6991
73, 0, 16.3113
74, 0, 15.5485
75, 0, 14.9201
76, 0, 14.4915
77, 0, 13.9710
78, 0, 13.6628
79, 0, 16.3382
80, 0, 16.5459
81, 0, 15.6435
82, 0, 14.7742
83, 0, 14.2539
84, 0, 14.0531
85, 0, 13.9574
86, 0, 13.6179
87, 0, 16.2332
88, 0, 16.8447
89, 0, 16.4107
90, 0, 15.8755
91, 0, 15.1501
92, 0, 14.6723
93, 0, 14.2900
94, 0, 13.7189
95, 0, 16.1913
96, 0, 16.5953
97, 0, 16.1854
98, 0, 15.5064
99, 0, 14.1526
100, 0, 13.2736
101, 0, 12.7203
102, 0, 12.8467
103, 0, 16.1329
104, 0, 16.2335
105, 0, 16.1497
106, 0, 15.5638
107, 0, 15.0656
108, 0, 14.5723
109, 0, 14.1899
110, 0, 13.7485
111, 0, 16.2132
112, 0, 16.7595
113, 0, 16.3710
114, 0, 15.6344
115, 0, 15.1725
116, 0, 14.6843
117, 0, 14.1686
118, 0, 13.5815
119, 0, 16.4645
120, 0, 16.6813
121, 0, 16.2478
122, 0, 15.6796
123, 0, 15.0276
124, 0, 14.5262
125, 0, 14.0648
126, 0, 13.7131
127, 0, 16.2125
128, 0, 16.5490
129, 0, 16.1644
130, 0, 15.7426
131, 0, 15.1263
132, 0, 14.5139
133, 0, 14.0007
134, 0, 13.7410
135, 0, 16.2347
136, 0, 16.2912
137, 0, 16.0378
138, 0, 15.4959
139, 0, 15.0316
140, 0, 14.5031
141, 0, 14.0446
142, 0, 13.6071
143, 0, 16.1501
144, 0, 16.5002
145, 0, 16.1770
146, 0, 15.6604
147, 0, 15.0444
148, 0, 14.3980
149, 0, 13.7735
150, 0, 13.0504
151, 0, 16.2112
152, 0, 16.6090
153, 0, 15.8610
154, 0, 15.6393
155, 0, 14.5477
156, 0, 14.2226
157, 0, 13.9250
158, 0, 13.3114
159, 0, 16.3314
160, 0, 16.0776
161, 0, 16.0107
162, 0, 15.2828
163, 0, 14.9156
164, 0, 14.5906
165, 0, 14.0344
166, 0, 13.6595
167, 0, 16.1571
168, 0, 16.5526
169, 0, 16.0235
170, 0, 15.5698
171, 0, 14.9197
172, 0, 14.4283
173, 0, 14.1416
174, 0, 13.6613
175, 0, 16.2040
176, 0, 16.4916
177, 0, 16.0310
178, 0, 15.6800
179, 0, 15.0212
180, 0, 14.4909
181, 0, 13.9670
182, 0, 13.6222
183, 0, 16.1275
184, 0, 16.5259
185, 0, 16.0287
186, 0, 15.2460
187, 0, 14.6838
188, 0, 13.9410
189, 0, 13.2680
190, 0, 12.7587
191, 0, 16.1231
192, 0, 15.9873
193, 0, 14.9452
194, 0, 14.6559
195, 0, 14.1596
196, 0, 13.7167
197, 0, 13.5383
198, 0, 13.1104
199, 0, 16.1081
200, 0, 16.1031
201, 0, 15.5479
202, 0, 14.2693
203, 0, 13.8879
204, 0, 13.5348
205, 0, 13.2214
206, 0, 12.7359
207, 0, 16.0516
208, 0, 16.1472
209, 0, 14.9836
210, 0, 13.7772
211, 0, 14.1312
212, 0, 13.9506
213, 0, 13.5106
214, 0, 13.3448
215, 0, 16.4227
216, 0, 16.9394
217, 0, 15.7927
218, 0, 15.0466
219, 0, 14.4319
220, 0, 14.2074
221, 0, 14.1692
222, 0, 13.8192
223, 0, 16.4582
224, 0, 16.5152
225, 0, 15.7706
226, 0, 15.6008
227, 0, 15.1843
228, 0, 14.5653
229, 0, 13.8769
230, 0, 13.4085
231, 0, 16.3760
232, 0, 16.8354
233, 0, 16.2697
234, 0, 15.8164
235, 0, 15.2761
236, 0, 14.6602
237, 0, 14.2450
238, 0, 13.7559
239, 0, 16.2884
240, 0, 16.8412
241, 0, 16.1901
242, 0, 15.7879
243, 0, 15.1195
244, 0, 14.5770
245, 0, 14.1467
246, 0, 13.7496
247, 0, 16.3722
248, 0, 16.8316
249, 0, 16.2409
250, 0, 15.7496
1, 1, 12.2923
2, 1, 13.4121
3, 1, 13.8991
4, 1, 13.9044
5, 1, 14.0534
6, 1, 13.8319
7, 1, 16.6373
8, 1, 17.7850
9, 1, 17.1989
10, 1, 16.9493
11, 1, 16.5246
12, 1, 16.0324
13, 1, 15.7001
14, 1, 15.1959
15, 1, 16.5176
16, 1, 16.8965
17, 1, 16.1595
18, 1, 15.8339
19, 1, 14.7013
20, 1, 14.4273
21, 1, 14.2553
22, 1, 14.1565
23, 1, 16.4365
24, 1, 16.6896
25, 1, 16.8261
26, 1, 16.5181
27, 1, 16.2633
28, 1, 16.1500
29, 1, 15.7269
30, 1, 15.6250
31, 1, 16.5402
32, 1, 17.4294
33, 1, 17.1478
34, 1, 16.0012
35, 1, 16.0183
36, 1, 15.8997
37, 1, 15.7088
38, 1, 15.5180
39, 1, 16.4655
40, 1, 16.1055
41, 1, 16.3108
42, 1, 15.7899
43, 1, 15.6620
44, 1, 15.3721
45, 1, 15.2717
46, 1, 15.1547
47, 1, 16.4489
48, 1, 16.6937
49, 1, 16.5296
50, 1, 16.3076
51, 1, 15.9932
52, 1, 15.2097
53, 1, 14.9590
54, 1, 14.7541
55, 1, 16.2579
56, 1, 16.9296
57, 1, 16.6338
58, 1, 15.6595
59, 1, 15.3337
60, 1, 15.2105
61, 1, 15.0212
62, 1, 14.4592
63, 1, 16.4212
64, 1, 15.5004
65, 1, 15.5214
66, 1, 15.2508
67, 1, 15.4138
68, 1, 15.3530
69, 1, 14.8486
70, 1, 15.0794
71, 1, 16.2648
72, 1, 17.3338
73, 1, 17.0562
74, 1, 16.5859
75, 1, 16.1695
76, 1, 15.9929
77, 1, 15.6391
78, 1, 15.3895
79, 1, 16.3382
80, 1, 16.8466
81, 1, 15.8452
82, 1, 14.4218
83, 1, 13.8362
84, 1, 13.3032
85, 1, 13.7365
86, 1, 14.0546
87, 1, 16.2332
88, 1, 17.2425
89, 1, 17.0055
90, 1, 16.6575
91, 1, 16.0101
92, 1, 16.0308
93, 1, 15.7997
94, 1, 15.4129
95, 1, 16.1913
96, 1, 17.1941
97, 1, 16.9078
98, 1, 16.6822
99, 1, 16.3422
100, 1, 15.8471
101, 1, 15.5053
102, 1, 15.3110
103, 1, 16.1329
104, 1, 17.0112
105, 1, 16.9799
106, 1, 16.5725
107, 1, 16.2849
108, 1, 15.9531
109, 1, 15.6162
110, 1, 15.4421
111, 1, 16.2132
112, 1, 17.3108
113, 1, 17.1000
114, 1, 16.5852
115, 1, 16.3566
116, 1, 16.0763
117, 1, 15.6665
118, 1, 14.4287
119, 1, 16.4645
120, 1, 17.2249
121, 1, 17.0357
122, 1, 16.6364
123, 1, 16.2079
124, 1, 15.7691
125, 1, 15.6135
126, 1, 15.4292
127, 1, 16.2125
128, 1, 17.0451
129, 1, 16.5981
130, 1, 16.5056
131, 1, 15.6857
132, 1, 15.2954
133, 1, 14.3828
134, 1, 14.1128
135, 1, 16.2347
136, 1, 15.6805
137, 1, 16.0173
138, 1, 15.2429
139, 1, 14.9281
140, 1, 14.7214
141, 1, 14.3315
142, 1, 13.9824
143, 1, 16.1501
144, 1, 16.0314
145, 1, 15.9326
146, 1, 15.5874
147, 1, 15.6046
148, 1, 15.5254
149, 1, 15.2147
150, 1, 15.1314
151, 1, 16.2112
152, 1, 17.2142
153, 1, 17.0851
154, 1, 16.2545
155, 1, 15.7289
156, 1, 15.9408
157, 1, 15.7475
158, 1, 15.4147
159, 1, 16.3314
160, 1, 17.1608
161, 1, 17.0159
162, 1, 16.5324
163, 1, 16.1280
164, 1, 15.3166
165, 1, 15.2373
166, 1, 15.3444
167, 1, 16.1571
168, 1, 16.7167
169, 1, 15.7455
170, 1, 15.1803
171, 1, 14.7410
172, 1, 14.4225
173, 1, 13.8694
174, 1, 13.4272
175, 1, 16.2040
176, 1, 15.8387
177, 1, 15.5083
178, 1, 14.3918
179, 1, 14.1338
180, 1, 14.4006
181, 1, 14.2249
182, 1, 13.6791
183, 1, 16.1275
184, 1, 15.8729
185, 1, 14.8763
186, 1, 14.4847
187, 1, 14.2259
188, 1, 14.1808
189, 1, 13.6979
190, 1, 13.5288
191, 1, 16.1231
192, 1, 16.1981
193, 1, 14.8671
194, 1, 15.2614
195, 1, 15.2921
196, 1, 14.9939
197, 1, 14.7114
198, 1, 14.1668
199, 1, 16.1081
200, 1, 16.3426
201, 1, 16.2496
202, 1, 14.8012
203, 1, 15.0387
204, 1, 15.4511
205, 1, 15.2232
206, 1, 14.8504
207, 1, 16.0516
208, 1, 15.8183
209, 1, 15.2522
210, 1, 15.2491
211, 1, 15.3216
212, 1, 14.8048
213, 1, 14.4471
214, 1, 14.4789
215, 1, 16.4227
216, 1, 17.4596
217, 1, 17.2280
218, 1, 16.7383
219, 1, 16.4232
220, 1, 15.9848
221, 1, 15.7312
222, 1, 15.1018
223, 1, 16.4582
224, 1, 17.1943
225, 1, 17.0712
226, 1, 16.7771
227, 1, 16.3430
228, 1, 16.0612
229, 1, 15.6724
230, 1, 15.4208
231, 1, 16.3760
232, 1, 17.3732
233, 1, 16.7547
234, 1, 16.4313
235, 1, 16.2005
236, 1, 15.7981
237, 1, 15.4414
238, 1, 14.9367
239, 1, 16.2884
240, 1, 16.8923
241, 1, 16.6658
242, 1, 16.5638
243, 1, 15.8601
244, 1, 15.6941
245, 1, 15.4282
246, 1, 15.2120
247, 1, 16.3722
248, 1, 16.7341
249, 1, 15.8834
250, 1, 15.2659
1, 2, 11.8092
2, 2, 11.9374
3, 2, 12.0067
4, 2, 12.0148
5, 2, 12.3088
6, 2, 12.2728
7, 2, 16.6373
8, 2, 17.5363
9, 2, 17.2350
10, 2, 17.0922
11, 2, 16.9112
12, 2, 16.7753
13, 2, 16.8022
14, 2, 16.3523
15, 2, 16.5176
16, 2, 17.7306
17, 2, 16.9581
18, 2, 16.7629
19, 2, 16.1490
20, 2, 16.1691
21, 2, 16.2368
22, 2, 15.7253
23, 2, 16.4365
24, 2, 16.5956
25, 2, 16.4139
26, 2, 16.0290
27, 2, 16.0220
28, 2, 15.8894
29, 2, 15.6804
30, 2, 15.5470
31, 2, 16.5402
32, 2, 17.0958
33, 2, 16.8206
34, 2, 15.4865
35, 2, 15.6590
36, 2, 15.4036
37, 2, 15.3966
38, 2, 15.2434
39, 2, 16.4655
40, 2, 15.8864
41, 2, 16.3500
42, 2, 16.0055
43, 2, 15.9871
44, 2, 15.5553
45, 2, 15.5081
46, 2, 15.3676
47, 2, 16.4489
48, 2, 16.1970
49, 2, 15.9840
50, 2, 15.9914
51, 2, 16.1744
52, 2, 15.7929
53, 2, 16.0355
54, 2, 15.5471
55, 2, 16.2579
56, 2, 17.2105
57, 2, 17.3265
58, 2, 16.3957
59, 2, 16.3448
60, 2, 16.2964
61, 2, 15.9631
62, 2, 15.7047
63, 2, 16.4212
64, 2, 15.5027
65, 2, 15.1094
66, 2, 14.6226
67, 2, 14.3959
68, 2, 14.6109
69, 2, 13.9938
70, 2, 14.3265
71, 2, 16.2648
72, 2, 17.0343
73, 2, 17.5610
74, 2, 17.2202
75, 2, 16.9181
76, 2, 16.9102
77, 2, 16.6533
78, 2, 16.3901
79, 2, 16.3382
80, 2, 17.6578
81, 2, 17.5065
82, 2, 17.2684
83, 2, 17.0124
84, 2, 16.7103
85, 2, 16.5462
86, 2, 16.3068
87, 2, 16.2332
88, 2, 17.7012
89, 2, 17.5561
90, 2, 17.2088
91, 2, 16.3432
92, 2, 16.6743
93, 2, 16.7077
94, 2, 16.3231
95, 2, 16.1913
96, 2, 17.6329
97, 2, 17.4981
98, 2, 17.1665
99, 2, 17.0201
100, 2, 16.6479
101, 2, 16.2945
102, 2, 16.2759
103, 2, 16.1329
104, 2, 16.9311
105, 2, 17.5305
106, 2, 17.0315
107, 2, 16.8364
108, 2, 16.3291
109, 2, 16.3774
110, 2, 16.2343
111, 2, 16.2132
112, 2, 16.6451
113, 2, 16.9673
114, 2, 15.7208
115, 2, 15.0370
116, 2, 14.5914
117, 2, 14.5949
118, 2, 12.8180
119, 2, 16.4645
120, 2, 16.3024
121, 2, 15.4085
122, 2, 15.4172
123, 2, 14.8431
124, 2, 14.4283
125, 2, 13.9597
126, 2, 13.5577
127, 2, 16.2125
128, 2, 16.1491
129, 2, 15.8692
130, 2, 16.1715
131, 2, 15.9209
132, 2, 15.9018
133, 2, 15.6879
134, 2, 15.5526
135, 2, 16.2347
136, 2, 16.3714
137, 2, 16.5327
138, 2, 16.0086
139, 2, 16.0325
140, 2, 16.2339
141, 2, 16.4628
142, 2, 16.2510
143, 2, 16.1501
144, 2, 16.8297
145, 2, 16.8497
146, 2, 16.3432
147, 2, 15.9328
148, 2, 15.7515
149, 2, 15.8985
150, 2, 15.4941
151, 2, 16.2112
152, 2, 16.8399
153, 2, 15.8496
154, 2, 15.3174
155, 2, 14.3724
156, 2, 14.0222
157, 2, 13.8576
158, 2, 13.1870
159, 2, 16.3314
160, 2, 15.7701
161, 2, 15.6295
162, 2, 14.8653
163, 2, 15.0276
164, 2, 14.4363
165, 2, 13.7047
166, 2, 13.2602
167, 2, 16.1571
168, 2, 15.8577
169, 2, 14.7439
170, 2, 14.6281
171, 2, 14.3523
172, 2, 14.1904
173, 2, 14.0653
174, 2, 14.0376
175, 2, 16.2040
176, 2, 15.7331
177, 2, 15.7041
178, 2, 15.0357
179, 2, 14.8886
180, 2, 14.8510
181, 2, 14.5485
182, 2, 14.2024
183, 2, 16.1275
184, 2, 16.1655
185, 2, 15.0974
186, 2, 15.1175
187, 2, 15.6774
188, 2, 15.5174
189, 2, 15.2044
190, 2, 15.0044
191, 2, 16.1231
192, 2, 16.5009
193, 2, 16.0914
194, 2, 15.7764
195, 2, 15.5970
196, 2, 15.2015
197, 2, 15.0622
198, 2, 15.1194
199, 2, 16.1081
200, 2, 16.9694
201, 2, 17.2325
202, 2, 16.8784
203, 2, 16.5770
204, 2, 16.1304
205, 2, 15.8051
206, 2, 15.4835
207, 2, 16.0516
208, 2, 16.7446
209, 2, 16.1277
210, 2, 15.7206
211, 2, 16.1496
212, 2, 16.2565
213, 2, 16.1815
214, 2, 16.0936
215, 2, 16.4227
216, 2, 17.3479
217, 2, 16.5341
218, 2, 16.1895
219, 2, 16.0947
220, 2, 15.5968
221, 2, 15.6819
222, 2, 14.9824
223, 2, 16.4582
224, 2, 16.5931
225, 2, 16.2894
226, 2, 16.4952
227, 2, 16.4711
228, 2, 16.2442
229, 2, 15.8069
230, 2, 15.2220
231, 2, 16.3760
232, 2, 16.0448
233, 2, 15.2015
234, 2, 14.6014
235, 2, 14.1490
236, 2, 13.9309
237, 2, 13.7838
238, 2, 13.5204
239, 2, 16.2884
240, 2, 16.6261
241, 2, 16.2162
242, 2, 16.3822
243, 2, 15.6932
244, 2, 15.8760
245, 2, 16.1642
246, 2, 16.3096
247, 2, 16.3722
248, 2, 17.2289
249, 2, 17.2351
250, 2, 16.1058
1, 3, 12.0756
2, 3, 12.8793
3, 3, 13.7675
4, 3, 13.8705
5, 3, 13.8997
6, 3, 13.5915
7, 3, 16.6373
8, 3, 17.1132
9, 3, 16.5084
10, 3, 16.4965
11, 3, 16.0206
12, 3, 15.6616
13, 3, 15.4875
14, 3, 14.8945
15, 3, 16.5176
16, 3, 17.0681
17, 3, 16.2562
18, 3, 16.0700
19, 3, 14.9175
20, 3, 15.0071
21, 3, 15.0006
22, 3, 14.8165
23, 3, 16.4365
24, 3, 16.5960
25, 3, 16.5352
26, 3, 16.0559
27, 3, 15.7934
28, 3, 15.4665
29, 3, 15.1329
30, 3, 14.7772
31, 3, 16.5402
32, 3, 16.6273
33, 3, 16.4397
34, 3, 15.4710
35, 3, 15.8489
36, 3, 15.7541
37, 3, 15.6057
38, 3, 15.6061
39, 3, 16.4655
40, 3, 16.2440
41, 3, 16.7137
42, 3, 16.5079
43, 3, 16.6177
44, 3, 16.0228
45, 3, 15.9967
46, 3, 15.7349
47, 3, 16.4489
48, 3, 15.7628
49, 3, 15.4942
50, 3, 14.8683
51, 3, 15.0377
52, 3, 14.4852
53, 3, 14.7246
54, 3, 14.4537
55, 3, 16.2579
56, 3, 17.4505
57, 3, 17.5608
58, 3, 16.6756
59, 3, 16.7446
60, 3, 17.1427
61, 3, 17.0071
62, 3, 16.7645
63, 3, 16.4212
64, 3, 16.9962
65, 3, 17.5515
66, 3, 17.3162
67, 3, 17.4548
68, 3, 17.0843
69, 3, 16.3382
70, 3, 16.6199
71, 3, 16.2648
72, 3, 17.1151
73, 3, 17.3725
74, 3, 17.1165
75, 3, 16.8009
76, 3, 16.5027
77, 3, 16.6957
78, 3, 16.3851
79, 3, 16.3382
80, 3, 17.0212
81, 3, 16.6473
82, 3, 16.5978
83, 3, 16.8621
84, 3, 16.2620
85, 3, 16.6526
86, 3, 16.5838
87, 3, 16.2332
88, 3, 17.5571
89, 3, 17.5828
90, 3, 17.2450
91, 3, 15.3536
92, 3, 15.9626
93, 3, 16.3556
94, 3, 15.6421
95, 3, 16.1913
96, 3, 16.2353
97, 3, 16.1110
98, 3, 15.5281
99, 3, 14.5235
100, 3, 14.0818
101, 3, 13.3168
102, 3, 12.8650
103, 3, 16.1329
104, 3, 14.6720
105, 3, 14.7679
106, 3, 14.3888
107, 3, 14.3563
108, 3, 13.2074
109, 3, 13.0516
110, 3, 13.0082
111, 3, 16.2132
112, 3, 15.9404
113, 3, 16.3823
114, 3, 15.6329
115, 3, 15.2281
116, 3, 15.4853
117, 3, 15.6627
118, 3, 13.8367
119, 3, 16.4645
120, 3, 16.1762
121, 3, 15.7332
122, 3, 15.9418
123, 3, 15.8228
124, 3, 15.9434
125, 3, 15.9953
126, 3, 15.8105
127, 3, 16.2125
128, 3, 16.4486
129, 3, 16.1561
130, 3, 15.9164
131, 3, 15.5859
132, 3, 15.7510
133, 3, 15.3308
134, 3, 14.9156
135, 3, 16.2347
136, 3, 15.3576
137, 3, 15.2507
138, 3, 14.2747
139, 3, 13.7468
140, 3, 13.0964
141, 3, 12.3804
142, 3, 12.0513
143, 3, 16.1501
144, 3, 15.3721
145, 3, 15.0988
146, 3, 14.8359
147, 3, 14.4222
148, 3, 13.7268
149, 3, 12.9222
150, 3, 12.1545
151, 3, 16.2112
152, 3, 16.5764
153, 3, 15.5865
154, 3, 15.0074
155, 3, 14.1384
156, 3, 13.9691
157, 3, 14.1032
158, 3, 13.3568
159, 3, 16.3314
160, 3, 15.9715
161, 3, 16.1517
162, 3, 15.3718
163, 3, 14.9328
164, 3, 14.0948
165, 3, 13.7801
166, 3, 13.3958
167, 3, 16.1571
168, 3, 15.6907
169, 3, 15.1285
170, 3, 15.5143
171, 3, 15.2796
172, 3, 15.1835
173, 3, 14.9349
174, 3, 14.2677
175, 3, 16.2040
176, 3, 16.3034
177, 3, 16.0779
178, 3, 14.9691
179, 3, 14.6115
180, 3, 14.5163
181, 3, 14.6870
182, 3, 14.7856
183, 3, 16.1275
184, 3, 16.6802
185, 3, 16.5698
186, 3, 16.4491
187, 3, 16.1543
188, 3, 15.4566
189, 3, 15.2918
190, 3, 15.2634
191, 3, 16.1231
192, 3, 16.7568
193, 3, 16.1252
194, 3, 16.1673
195, 3, 16.3562
196, 3, 16.1840
197, 3, 16.0736
198, 3, 15.8857
199, 3, 16.1081
200, 3, 16.5286
201, 3, 16.7228
202, 3, 15.4847
203, 3, 15.4840
204, 3, 15.0795
205, 3, 14.8130
206, 3, 14.4568
207, 3, 16.0516
208, 3, 15.8384
209, 3, 15.2944
210, 3, 14.8220
211, 3, 15.2743
212, 3, 15.0133
213, 3, 14.5750
214, 3, 14.3586
215, 3, 16.4227
216, 3, 17.0008
217, 3, 15.3734
218, 3, 14.2917
219, 3, 13.8761
220, 3, 13.6461
221, 3, 13.6839
222, 3, 13.1271
223, 3, 16.4582
224, 3, 15.9209
225, 3, 15.8827
226, 3, 16.0295
227, 3, 15.8965
228, 3, 16.1113
229, 3, 16.1309
230, 3, 15.5665
231, 3, 16.3760
232, 3, 16.8083
233, 3, 15.8639
234, 3, 15.3460
235, 3, 15.4203
236, 3, 15.6808
237, 3, 15.4029
238, 3, 14.7716
239, 3, 16.2884
240, 3, 16.4272
241, 3, 15.4579
242, 3, 15.3655
243, 3, 14.7796
244, 3, 14.6890
245, 3, 14.5517
246, 3, 14.4272
247, 3, 16.3722
248, 3, 16.5809
249, 3, 15.9237
250, 3, 15.1935
1, 4, 11.9132
2, 4, 11.9177
3, 4, 12.1859
4, 4, 12.2737
5, 4, 12.4360
6, 4, 12.3143
7, 4, 16.6373
8, 4, 17.1786
9, 4, 16.4439
10, 4, 16.2520
11, 4, 15.6776
12, 4, 15.1434
13, 4, 14.7114
14, 4, 13.9623
15, 4, 16.5176
16, 4, 16.9787
17, 4, 16.2323
18, 4, 16.1744
19, 4, 15.2063
20, 4, 15.0956
21, 4, 15.1698
22, 4, 14.9553
23, 4, 16.4365
24, 4, 16.7265
25, 4, 16.7289
26, 4, 16.4370
27, 4, 16.0210
28, 4, 15.7733
29, 4, 15.3027
30, 4, 14.7437
31, 4, 16.5402
32, 4, 16.4387
33, 4, 15.5262
34, 4, 14.6897
35, 4, 14.6419
36, 4, 14.6675
37, 4, 14.4712
38, 4, 14.5509
39, 4, 16.4655
40, 4, 16.1671
41, 4, 16.7021
42, 4, 16.5566
43, 4, 16.9291
44, 4, 16.6920
45, 4, 16.7733
46, 4, 16.6644
47, 4, 16.4489
48, 4, 16.7393
49, 4, 16.9575
50, 4, 17.0973
51, 4, 16.9948
52, 4, 16.3265
53, 4, 16.5155
54, 4, 15.8945
55, 4, 16.2579
56, 4, 16.9665
57, 4, 17.1184
58, 4, 16.1166
59, 4, 15.9149
60, 4, 16.1215
61, 4, 15.6906
62, 4, 15.5012
63, 4, 16.4212
64, 4, 15.8387
65, 4, 16.5516
66, 4, 16.5299
67, 4, 16.5037
68, 4, 16.4080
69, 4, 15.6652
70, 4, 15.8751
71, 4, 16.2648
72, 4, 16.5460
73, 4, 16.5271
74, 4, 16.0729
75, 4, 15.8301
76, 4, 15.6262
77, 4, 15.4571
78, 4, 14.7995
79, 4, 16.3382
80, 4, 16.0083
81, 4, 15.0148
82, 4, 13.9467
83, 4, 13.6324
84, 4, 12.9520
85, 4, 12.8434
86, 4, 12.8577
87, 4, 16.2332
88, 4, 16.7625
89, 4, 16.3961
90, 4, 15.8420
91, 4, 13.2873
92, 4, 12.6966
93, 4, 12.6427
94, 4, 12.4812
95, 4, 16.1913
96, 4, 15.9459
97, 4, 15.8889
98, 4, 15.4026
99, 4, 14.9304
100, 4, 14.7691
101, 4, 14.4648
102, 4, 14.2730
103, 4, 16.1329
104, 4, 14.9579
105, 4, 15.3718
106, 4, 15.2150
107, 4, 15.5267
108, 4, 14.8111
109, 4, 15.0788
110, 4, 14.7846
111, 4, 16.2132
112, 4, 16.0200
113, 4, 15.7685
114, 4, 14.9675
115, 4, 14.9213
116, 4, 14.8451
117, 4, 14.7246
118, 4, 12.9464
119, 4, 16.4645
120, 4, 15.8668
121, 4, 14.7022
122, 4, 14.1459
123, 4, 13.2220
124, 4, 12.4205
125, 4, 12.1688
126, 4, 11.9386
127, 4, 16.2125
128, 4, 15.7536
129, 4, 15.2571
130, 4, 14.8959
131, 4, 13.6777
132, 4, 13.0778
133, 4, 12.3090
134, 4, 11.8712
135, 4, 16.2347
136, 4, 15.2255
137, 4, 15.0802
138, 4, 14.0909
139, 4, 13.6743
140, 4, 13.4571
141, 4, 12.9075
142, 4, 12.3733
143, 4, 16.1501
144, 4, 15.6231
145, 4, 15.2039
146, 4, 14.5574
147, 4, 14.0521
148, 4, 13.4786
149, 4, 12.9927
150, 4, 12.4446
151, 4, 16.2112
152, 4, 16.7414
153, 4, 16.0329
154, 4, 15.6357
155, 4, 14.7593
156, 4, 14.3231
157, 4, 14.1225
158, 4, 13.6797
159, 4, 16.3314
160, 4, 15.9408
161, 4, 15.8135
162, 4, 15.0013
163, 4, 14.6224
164, 4, 14.3007
165, 4, 14.0915
166, 4, 14.0431
167, 4, 16.1571
168, 4, 16.5370
169, 4, 15.8471
170, 4, 15.5436
171, 4, 15.0055
172, 4, 15.0100
173, 4, 14.8151
174, 4, 14.6557
175, 4, 16.2040
176, 4, 16.1606
177, 4, 16.1238
178, 4, 15.4646
179, 4, 15.3076
180, 4, 15.3189
181, 4, 15.3100
182, 4, 14.7500
183, 4, 16.1275
184, 4, 16.3067
185, 4, 15.5748
186, 4, 15.3067
187, 4, 14.8377
188, 4, 14.4662
189, 4, 13.9551
190, 4, 13.8547
191, 4, 16.1231
192, 4, 16.4169
193, 4, 15.5637
194, 4, 15.5468
195, 4, 15.3335
196, 4, 14.8347
197, 4, 14.4236
198, 4, 13.7360
199, 4, 16.1081
200, 4, 15.9324
201, 4, 15.2686
202, 4, 13.7102
203, 4, 13.4645
204, 4, 13.1578
205, 4, 12.6801
206, 4, 12.3529
207, 4, 16.0516
208, 4, 15.6974
209, 4, 14.8699
210, 4, 14.6467
211, 4, 15.0081
212, 4, 15.1407
213, 4, 14.7124
214, 4, 14.6827
215, 4, 16.4227
216, 4, 17.0269
217, 4, 15.5081
218, 4, 14.9643
219, 4, 15.1392
220, 4, 14.9522
221, 4, 14.6402
222, 4, 13.7820
223, 4, 16.4582
224, 4, 15.4860
225, 4, 15.1900
226, 4, 15.2516
227, 4, 14.7944
228, 4, 14.6902
229, 4, 14.1419
230, 4, 13.4713
231, 4, 16.3760
232, 4, 15.9757
233, 4, 14.7929
234, 4, 14.3050
235, 4, 13.8276
236, 4, 13.9231
237, 4, 13.7897
238, 4, 13.3787
239, 4, 16.2884
240, 4, 16.3082
241, 4, 15.3907
242, 4, 15.2920
243, 4, 14.4530
244, 4, 14.2771
245, 4, 13.9199
246, 4, 13.5800
247, 4, 16.3722
248, 4, 16.0485
249, 4, 15.5492
250, 4, 15.0683
1, 5, 12.2043
2, 5, 12.5529
3, 5, 12.9351
4, 5, 13.1929
5, 5, 13.5527
6, 5, 13.5510
7, 5, 16.6373
8, 5, 17.4030
9, 5, 16.9528
10, 5, 16.7274
11, 5, 16.3627
12, 5, 15.9160
13, 5, 15.4858
14, 5, 14.3249
15, 5, 16.5176
16, 5, 16.7235
17, 5, 15.8910
18, 5, 15.6664
19, 5, 14.7952
20, 5, 14.7986
21, 5, 15.0136
22, 5, 15.2094
23, 5, 16.4365
24, 5, 16.8209
25, 5, 17.1636
26, 5, 17.1379
27, 5, 17.3226
28, 5, 17.4059
29, 5, 17.0531
30, 5, 16.9995
31, 5, 16.5402
32, 5, 17.2818
33, 5, 17.4251
34, 5, 16.2182
35, 5, 16.3992
36, 5, 16.5992
37, 5, 16.5998
38, 5, 16.3538
39, 5, 16.4655
40, 5, 16.3038
41, 5, 16.8051
42, 5, 16.4276
43, 5, 16.6631
44, 5, 16.1769
45, 5, 16.2686
46, 5, 16.2726
47, 5, 16.4489
48, 5, 16.7168
49, 5, 16.9706
50, 5, 16.7733
51, 5, 16.8560
52, 5, 16.5084
53, 5, 16.7158
54, 5, 15.8489
55, 5, 16.2579
56, 5, 16.7946
57, 5, 16.8551
58, 5, 15.9040
59, 5, 15.8370
60, 5, 15.6044
61, 5, 14.9839
62, 5, 14.5685
63, 5, 16.4212
64, 5, 15.2378
65, 5, 14.9443
66, 5, 14.7334
67, 5, 14.1298
68, 5, 13.8169
69, 5, 13.1064
70, 5, 12.9402
71, 5, 16.2648
72, 5, 16.0033
73, 5, 15.5769
74, 5, 14.5537
75, 5, 13.7191
76, 5, 13.4625
77, 5, 13.2318
78, 5, 13.0004
79, 5, 16.3382
80, 5, 16.1238
81, 5, 15.5331
82, 5, 14.8788
83, 5, 14.8253
84, 5, 14.5263
85, 5, 14.7359
86, 5, 14.5970
87, 5, 16.2332
88, 5, 17.0654
89, 5, 17.1828
90, 5, 17.0006
91, 5, 14.9749
92, 5, 15.1093
93, 5, 15.3956
94, 5, 14.9361
95, 5, 16.1913
96, 5, 15.4665
97, 5, 15.6607
98, 5, 15.3298
99, 5, 14.6970
100, 5, 14.3210
101, 5, 13.6615
102, 5, 13.0084
103, 5, 16.1329
104, 5, 14.3815
105, 5, 13.8342
106, 5, 12.9243
107, 5, 12.4397
108, 5, 11.5725
109, 5, 11.6521
110, 5, 11.3901
111, 5, 16.2132
112, 5, 15.7894
113, 5, 15.4676
114, 5, 13.8549
115, 5, 12.9887
116, 5, 12.4263
117, 5, 12.1143
118, 5, 11.3231
119, 5, 16.4645
120, 5, 15.8215
121, 5, 14.6009
122, 5, 14.3373
123, 5, 13.8333
124, 5, 13.3752
125, 5, 12.7918
126, 5, 12.7599
127, 5, 16.2125
128, 5, 15.7883
129, 5, 15.2654
130, 5, 14.6886
131, 5, 13.9461
132, 5, 13.5384
133, 5, 13.0669
134, 5, 12.6425
135, 5, 16.2347
136, 5, 15.7085
137, 5, 15.8565
138, 5, 14.9374
139, 5, 14.4585
140, 5, 13.7995
141, 5, 13.6300
142, 5, 13.7053
143, 5, 16.1501
144, 5, 15.4770
145, 5, 15.1202
146, 5, 14.5456
147, 5, 14.5450
148, 5, 14.3803
149, 5, 14.2056
150, 5, 13.9176
151, 5, 16.2112
152, 5, 17.0122
153, 5, 16.0540
154, 5, 15.6655
155, 5, 15.0429
156, 5, 14.9164
157, 5, 15.2480
158, 5, 14.9033
159, 5, 16.3314
160, 5, 16.2629
161, 5, 16.5891
162, 5, 15.9372
163, 5, 15.7735
164, 5, 15.4097
165, 5, 14.8043
166, 5, 14.4745
167, 5, 16.1571
168, 5, 16.0509
169, 5, 15.3420
170, 5, 15.0279
171, 5, 14.5424
172, 5, 14.4370
173, 5, 14.4080
174, 5, 14.0570
175, 5, 16.2040
176, 5, 16.0085
177, 5, 16.0240
178, 5, 14.8373
179, 5, 14.4613
180, 5, 14.0596
181, 5, 13.6665
182, 5, 13.2967
183, 5, 16.1275
184, 5, 15.6640
185, 5, 14.4802
186, 5, 13.9501
187, 5, 13.5550
188, 5, 13.3677
189, 5, 12.9367
190, 5, 12.9570
191, 5, 16.1231
192, 5, 16.3451
193, 5, 15.6524
194, 5, 15.8617
195, 5, 15.9129
196, 5, 15.5009
197, 5, 15.3597
198, 5, 15.1507
199, 5, 16.1081
200, 5, 16.2292
201, 5, 16.1846
202, 5, 15.1438
203, 5, 15.1410
204, 5, 14.4821
205, 5, 13.9512
206, 5, 13.4266
207, 5, 16.0516
208, 5, 15.3846
209, 5, 14.7006
210, 5, 14.1652
211, 5, 14.2732
212, 5, 14.1244
213, 5, 13.5673
214, 5, 13.5232
215, 5, 16.4227
216, 5, 16.9656
217, 5, 15.4607
218, 5, 14.3319
219, 5, 14.2100
220, 5, 14.1452
221, 5, 14.2096
222, 5, 13.4833
223, 5, 16.4582
224, 5, 15.6198
225, 5, 15.2761
226, 5, 15.2562
227, 5, 14.6667
228, 5, 14.4336
229, 5, 13.8632
230, 5, 13.1586
231, 5, 16.3760
232, 5, 16.0118
233, 5, 15.1089
234, 5, 14.8499
235, 5, 14.5988
236, 5, 14.6394
237, 5, 14.7700
238, 5, 14.4508
239, 5, 16.2884
240, 5, 16.5866
241, 5, 16.0039
242, 5, 16.0482
243, 5, 15.0737
244, 5, 15.0963
245, 5, 14.7433
246, 5, 14.3357
247, 5, 16.3722
248, 5, 15.9101
249, 5, 14.8417
250, 5, 14.3656
