Frame Index, Action Index, SSIM (dB)
1, 0, 16.8027
2, 0, 17.1541
3, 0, 16.7328
4, 0, 15.8948
5, 0, 15.4347
6, 0, 14.8691
7, 0, 14.4766
8, 0, 14.0288
9, 0, 16.4717
10, 0, 17.1457
11, 0, 16.5494
12, 0, 15.8907
13, 0, 15.3763
14, 0, 14.6931
15, 0, 14.1440
16, 0, 13.8121
17, 0, 16.4228
18, 0, 17.0590
19, 0, 16.3385
20, 0, 15.7956
21, 0, 15.4456
22, 0, 14.8420
23, 0, 14.3346
24, 0, 13.8861
25, 0, 16.5465
26, 0, 17.0313
27, 0, 16.6043
28, 0, 16.0499
29, 0, 15.3728
30, 0, 14.8347
31, 0, 14.3172
32, 0, 13.8291
33, 0, 16.4817
34, 0, 16.8002
35, 0, 16.4369
36, 0, 15.9413
37, 0, 15.2896
38, 0, 14.7430
39, 0, 14.2900
40, 0, 13.7088
41, 0, 16.5078
42, 0, 17.0055
43, 0, 16.6239
44, 0, 15.9141
45, 0, 15.3306
46, 0, 14.8125
47, 0, 14.2924
48, 0, 13.8087
49, 0, 16.3726
50, 0, 16.8867
51, 0, 16.5155
52, 0, 15.8876
53, 0, 15.3633
54, 0, 14.7826
55, 0, 14.2584
56, 0, 13.8427
57, 0, 16.3051
58, 0, 16.7497
59, 0, 16.4071
60, 0, 15.8857
61, 0, 15.3518
62, 0, 14.7670
63, 0, 14.3258
64, 0, 13.8121
65, 0, 16.3254
66, 0, 16.7552
67, 0, 16.3631
68, 0, 15.7576
69, 0, 15.2351
70, 0, 14.6779
71, 0, 14.1644
72, 0, 13.8624
73, 0, 16.2885
74, 0, 16.7207
75, 0, 16.2483
76, 0, 14.9138
77, 0, 15.1190
78, 0, 14.6534
79, 0, 14.1318
80, 0, 13.6486
81, 0, 16.2813
82, 0, 16.4235
83, 0, 16.0151
84, 0, 15.2450
85, 0, 14.8997
86, 0, 14.5605
87, 0, 13.8134
88, 0, 13.3222
89, 0, 16.1373
90, 0, 16.8189
91, 0, 16.1692
92, 0, 15.7308
93, 0, 15.3278
94, 0, 14.5944
95, 0, 14.1448
96, 0, 13.7445
97, 0, 16.1959
98, 0, 16.7640
99, 0, 16.2409
100, 0, 15.5930
101, 0, 14.5164
102, 0, 14.0249
103, 0, 13.9611
104, 0, 12.7881
105, 0, 16.2872
106, 0, 16.5646
107, 0, 16.2196
108, 0, 15.6706
109, 0, 15.1510
110, 0, 14.5938
111, 0, 14.1170
112, 0, 13.6761
113, 0, 16.3131
114, 0, 16.4126
115, 0, 16.1518
116, 0, 15.7836
117, 0, 15.2028
118, 0, 14.0339
119, 0, 13.8403
120, 0, 13.5518
121, 0, 16.3969
122, 0, 16.8327
123, 0, 15.6581
124, 0, 15.0720
125, 0, 14.5780
126, 0, 13.5485
127, 0, 13.1992
128, 0, 12.9869
129, 0, 16.3115
130, 0, 16.5476
131, 0, 15.0308
132, 0, 14.6968
133, 0, 14.0535
134, 0, 13.5026
135, 0, 13.2565
136, 0, 12.7498
137, 0, 16.2058
138, 0, 15.7927
139, 0, 15.2801
140, 0, 15.0802
141, 0, 14.6222
142, 0, 14.2490
143, 0, 13.7459
144, 0, 13.3510
145, 0, 16.2616
146, 0, 16.3052
147, 0, 15.8675
148, 0, 15.4505
149, 0, 15.0831
150, 0, 14.2999
151, 0, 13.9899
152, 0, 13.7027
153, 0, 16.3747
154, 0, 16.7215
155, 0, 15.9732
156, 0, 15.7709
157, 0, 15.2438
158, 0, 14.5370
159, 0, 14.1594
160, 0, 13.7633
161, 0, 16.3012
162, 0, 16.6861
163, 0, 16.3230
164, 0, 15.7569
165, 0, 15.0828
166, 0, 14.5159
167, 0, 14.0476
168, 0, 13.6440
169, 0, 16.1701
170, 0, 16.4331
171, 0, 15.7721
172, 0, 15.5169
173, 0, 15.0445
174, 0, 14.5274
175, 0, 14.1237
176, 0, 13.6387
177, 0, 16.1001
178, 0, 16.4918
179, 0, 15.9886
180, 0, 15.6198
181, 0, 15.0306
182, 0, 14.4454
183, 0, 14.0078
184, 0, 13.5966
185, 0, 16.1893
186, 0, 16.5118
187, 0, 15.9004
188, 0, 14.3992
189, 0, 14.9314
190, 0, 14.5203
191, 0, 14.0566
192, 0, 13.6324
193, 0, 16.1516
194, 0, 16.5882
195, 0, 16.2363
196, 0, 15.7033
197, 0, 15.0344
198, 0, 14.5638
199, 0, 14.1022
200, 0, 13.7336
201, 0, 16.1739
202, 0, 16.3699
203, 0, 16.0262
204, 0, 15.5481
205, 0, 14.9703
206, 0, 14.4304
207, 0, 13.9592
208, 0, 13.5825
209, 0, 16.3619
210, 0, 16.5044
211, 0, 16.1372
212, 0, 15.6562
213, 0, 15.1746
214, 0, 14.6260
215, 0, 13.4488
216, 0, 13.7072
217, 0, 16.4783
218, 0, 16.8264
219, 0, 16.3427
220, 0, 15.0335
221, 0, 14.7354
222, 0, 13.5847
223, 0, 13.7021
224, 0, 13.2164
225, 0, 16.4007
226, 0, 16.9301
227, 0, 16.1564
228, 0, 15.4800
229, 0, 15.1654
230, 0, 14.6320
231, 0, 14.1442
232, 0, 13.8938
233, 0, 16.4114
234, 0, 16.9231
235, 0, 16.4311
236, 0, 15.8170
237, 0, 15.2703
238, 0, 14.5792
239, 0, 14.1480
240, 0, 13.7806
241, 0, 16.2146
242, 0, 16.9176
243, 0, 16.2127
244, 0, 15.6903
245, 0, 15.1963
246, 0, 14.6260
247, 0, 14.2020
248, 0, 13.7704
249, 0, 16.2435
250, 0, 16.6946
1, 1, 16.8027
2, 1, 17.7273
3, 1, 17.5079
4, 1, 16.7729
5, 1, 16.6622
6, 1, 16.2258
7, 1, 15.3231
8, 1, 15.7494
9, 1, 16.4717
10, 1, 17.6299
11, 1, 17.2533
12, 1, 16.8289
13, 1, 16.6143
14, 1, 16.1045
15, 1, 15.6801
16, 1, 15.5714
17, 1, 16.4228
18, 1, 17.5765
19, 1, 17.1711
20, 1, 16.7176
21, 1, 16.6171
22, 1, 16.2411
23, 1, 15.8553
24, 1, 15.6617
25, 1, 16.5465
26, 1, 17.4937
27, 1, 17.3133
28, 1, 16.9857
29, 1, 16.5237
30, 1, 16.1990
31, 1, 15.7044
32, 1, 15.4643
33, 1, 16.4817
34, 1, 17.3424
35, 1, 17.2273
36, 1, 16.8649
37, 1, 16.4662
38, 1, 16.1402
39, 1, 15.7953
40, 1, 15.3778
41, 1, 16.5078
42, 1, 17.5092
43, 1, 17.3247
44, 1, 16.8450
45, 1, 16.5297
46, 1, 16.1916
47, 1, 15.7837
48, 1, 15.5179
49, 1, 16.3726
50, 1, 17.2906
51, 1, 16.6142
52, 1, 15.6688
53, 1, 15.8396
54, 1, 15.2140
55, 1, 14.8736
56, 1, 14.2388
57, 1, 16.3051
58, 1, 15.4150
59, 1, 15.0419
60, 1, 16.7144
61, 1, 16.1277
62, 1, 15.0580
63, 1, 15.0387
64, 1, 13.8463
65, 1, 16.3254
66, 1, 15.5140
67, 1, 14.8724
68, 1, 14.7039
69, 1, 14.2340
70, 1, 13.9852
71, 1, 13.7749
72, 1, 13.8930
73, 1, 16.2885
74, 1, 16.5006
75, 1, 15.9165
76, 1, 15.9050
77, 1, 15.7803
78, 1, 15.2209
79, 1, 14.6420
80, 1, 13.9888
81, 1, 16.2813
82, 1, 16.1278
83, 1, 15.9528
84, 1, 15.4445
85, 1, 15.5050
86, 1, 15.2702
87, 1, 14.8302
88, 1, 14.6977
89, 1, 16.1373
90, 1, 17.0609
91, 1, 14.7077
92, 1, 14.6025
93, 1, 14.7749
94, 1, 14.3798
95, 1, 14.2381
96, 1, 14.1651
97, 1, 16.1959
98, 1, 16.5425
99, 1, 15.5497
100, 1, 14.8383
101, 1, 14.2207
102, 1, 13.6800
103, 1, 13.5252
104, 1, 13.1988
105, 1, 16.2872
106, 1, 16.2810
107, 1, 16.1636
108, 1, 15.3478
109, 1, 15.0221
110, 1, 14.7916
111, 1, 14.4328
112, 1, 14.4144
113, 1, 16.3131
114, 1, 16.2308
115, 1, 15.6840
116, 1, 15.5681
117, 1, 15.6019
118, 1, 13.8692
119, 1, 13.8695
120, 1, 13.6604
121, 1, 16.3969
122, 1, 16.9976
123, 1, 16.1365
124, 1, 15.6235
125, 1, 15.0150
126, 1, 14.8239
127, 1, 14.8502
128, 1, 14.4981
129, 1, 16.3115
130, 1, 16.9924
131, 1, 16.0006
132, 1, 15.9470
133, 1, 15.4342
134, 1, 14.8195
135, 1, 14.4748
136, 1, 14.0667
137, 1, 16.2058
138, 1, 16.3469
139, 1, 15.7138
140, 1, 15.3752
141, 1, 14.8525
142, 1, 14.6707
143, 1, 14.1895
144, 1, 13.7772
145, 1, 16.2616
146, 1, 16.3260
147, 1, 16.0470
148, 1, 15.4894
149, 1, 15.0418
150, 1, 14.6891
151, 1, 14.6538
152, 1, 14.8607
153, 1, 16.3747
154, 1, 16.7226
155, 1, 15.9320
156, 1, 15.8549
157, 1, 15.8466
158, 1, 15.1368
159, 1, 14.7288
160, 1, 14.4935
161, 1, 16.3012
162, 1, 16.5693
163, 1, 16.4046
164, 1, 15.6762
165, 1, 15.3780
166, 1, 15.0123
167, 1, 14.9562
168, 1, 14.7308
169, 1, 16.1701
170, 1, 16.1514
171, 1, 15.6606
172, 1, 15.6376
173, 1, 15.1627
174, 1, 14.7785
175, 1, 14.5012
176, 1, 14.1763
177, 1, 16.1001
178, 1, 15.6449
179, 1, 15.4557
180, 1, 15.3115
181, 1, 15.0288
182, 1, 14.5531
183, 1, 14.0978
184, 1, 13.7516
185, 1, 16.1893
186, 1, 15.9619
187, 1, 15.6887
188, 1, 14.8804
189, 1, 14.5237
190, 1, 14.2653
191, 1, 14.0302
192, 1, 13.7550
193, 1, 16.1516
194, 1, 15.9236
195, 1, 15.8007
196, 1, 15.5317
197, 1, 15.2856
198, 1, 14.8512
199, 1, 14.4942
200, 1, 14.3184
201, 1, 16.1739
202, 1, 15.5157
203, 1, 15.3850
204, 1, 14.8843
205, 1, 14.6479
206, 1, 14.3018
207, 1, 13.9104
208, 1, 13.4238
209, 1, 16.3619
210, 1, 15.4420
211, 1, 15.2879
212, 1, 14.9477
213, 1, 14.2247
214, 1, 14.2573
215, 1, 13.8128
216, 1, 13.6532
217, 1, 16.4783
218, 1, 16.1540
219, 1, 15.4297
220, 1, 14.0801
221, 1, 13.8614
222, 1, 13.4511
223, 1, 13.0942
224, 1, 12.3617
225, 1, 16.4007
226, 1, 16.6699
227, 1, 15.0923
228, 1, 14.2862
229, 1, 13.3283
230, 1, 12.3162
231, 1, 11.9881
232, 1, 11.8595
233, 1, 16.4114
234, 1, 16.0327
235, 1, 14.9833
236, 1, 14.4006
237, 1, 13.6406
238, 1, 13.0029
239, 1, 12.4697
240, 1, 12.0347
241, 1, 16.2146
242, 1, 16.6323
243, 1, 14.5797
244, 1, 14.1358
245, 1, 13.3803
246, 1, 12.8993
247, 1, 12.4639
248, 1, 11.9901
249, 1, 16.2435
250, 1, 15.3220
1, 2, 16.8027
2, 2, 16.1134
3, 2, 15.6795
4, 2, 14.7567
5, 2, 14.4150
6, 2, 13.9564
7, 2, 13.5103
8, 2, 13.0303
9, 2, 16.4717
10, 2, 16.8193
11, 2, 15.8713
12, 2, 14.8890
13, 2, 14.3355
14, 2, 13.5551
15, 2, 13.0728
16, 2, 12.7475
17, 2, 16.4228
18, 2, 16.9938
19, 2, 15.2926
20, 2, 15.0916
21, 2, 14.8459
22, 2, 14.3373
23, 2, 14.0421
24, 2, 13.7455
25, 2, 16.5465
26, 2, 16.7562
27, 2, 15.9810
28, 2, 15.1428
29, 2, 14.6382
30, 2, 14.0222
31, 2, 13.3092
32, 2, 12.6154
33, 2, 16.4817
34, 2, 15.2627
35, 2, 15.1233
36, 2, 14.9535
37, 2, 14.3640
38, 2, 13.9311
39, 2, 13.2803
40, 2, 12.7897
41, 2, 16.5078
42, 2, 16.4329
43, 2, 15.6479
44, 2, 14.4905
45, 2, 13.6717
46, 2, 13.2494
47, 2, 13.4001
48, 2, 12.5219
49, 2, 16.3726
50, 2, 16.4413
51, 2, 15.4868
52, 2, 13.8739
53, 2, 13.2634
54, 2, 13.4284
55, 2, 13.9851
56, 2, 14.8144
57, 2, 16.3051
58, 2, 17.7067
59, 2, 17.6654
60, 2, 17.4032
61, 2, 17.1653
62, 2, 16.9108
63, 2, 16.8259
64, 2, 16.4810
65, 2, 16.3254
66, 2, 17.7521
67, 2, 17.6857
68, 2, 17.3643
69, 2, 17.0779
70, 2, 16.8365
71, 2, 16.6107
72, 2, 16.4780
73, 2, 16.2885
74, 2, 17.6500
75, 2, 17.6010
76, 2, 17.4681
77, 2, 17.1387
78, 2, 16.8448
79, 2, 16.6329
80, 2, 16.3384
81, 2, 16.2813
82, 2, 17.6331
83, 2, 17.5600
84, 2, 17.2309
85, 2, 17.0076
86, 2, 16.7560
87, 2, 16.5745
88, 2, 16.3468
89, 2, 16.1373
90, 2, 17.6120
91, 2, 17.5094
92, 2, 17.3543
93, 2, 17.2234
94, 2, 16.7547
95, 2, 16.5948
96, 2, 16.3890
97, 2, 16.1959
98, 2, 17.7100
99, 2, 17.5562
100, 2, 17.1552
101, 2, 16.9367
102, 2, 16.7281
103, 2, 16.5376
104, 2, 16.3186
105, 2, 16.2872
106, 2, 17.5770
107, 2, 17.5512
108, 2, 17.2539
109, 2, 17.0335
110, 2, 16.7813
111, 2, 16.5319
112, 2, 16.4759
113, 2, 16.3131
114, 2, 17.5361
115, 2, 17.5037
116, 2, 17.3471
117, 2, 17.0429
118, 2, 16.0606
119, 2, 16.6081
120, 2, 16.3826
121, 2, 16.3969
122, 2, 17.6931
123, 2, 17.4837
124, 2, 16.8941
125, 2, 16.7152
126, 2, 16.5843
127, 2, 16.4972
128, 2, 16.0671
129, 2, 16.3115
130, 2, 17.5341
131, 2, 16.5215
132, 2, 16.7048
133, 2, 16.2826
134, 2, 15.6993
135, 2, 15.3096
136, 2, 14.8137
137, 2, 16.2058
138, 2, 16.4852
139, 2, 16.2809
140, 2, 16.4809
141, 2, 16.4944
142, 2, 16.3974
143, 2, 15.9058
144, 2, 15.5242
145, 2, 16.2616
146, 2, 16.9448
147, 2, 17.1501
148, 2, 16.8116
149, 2, 16.4682
150, 2, 16.1871
151, 2, 16.3390
152, 2, 16.1647
153, 2, 16.3747
154, 2, 17.3314
155, 2, 17.0393
156, 2, 17.3266
157, 2, 17.1338
158, 2, 16.7359
159, 2, 16.6469
160, 2, 16.3805
161, 2, 16.3012
162, 2, 17.6326
163, 2, 17.6403
164, 2, 17.3537
165, 2, 16.9470
166, 2, 16.6507
167, 2, 16.4671
168, 2, 16.2336
169, 2, 16.1701
170, 2, 17.2336
171, 2, 16.8273
172, 2, 16.9809
173, 2, 16.8792
174, 2, 16.4190
175, 2, 16.4496
176, 2, 16.0847
177, 2, 16.1001
178, 2, 16.6258
179, 2, 16.7490
180, 2, 16.9504
181, 2, 16.7923
182, 2, 16.5134
183, 2, 16.3913
184, 2, 16.0861
185, 2, 16.1893
186, 2, 17.5640
187, 2, 17.4796
188, 2, 17.1889
189, 2, 16.8735
190, 2, 16.6318
191, 2, 16.4523
192, 2, 16.1903
193, 2, 16.1516
194, 2, 17.5410
195, 2, 17.5718
196, 2, 17.2858
197, 2, 16.8537
198, 2, 16.7189
199, 2, 16.4684
200, 2, 16.3143
201, 2, 16.1739
202, 2, 17.3804
203, 2, 17.3676
204, 2, 17.0940
205, 2, 16.8534
206, 2, 16.6451
207, 2, 16.4091
208, 2, 16.2155
209, 2, 16.3619
210, 2, 17.1865
211, 2, 17.5757
212, 2, 17.2912
213, 2, 17.0875
214, 2, 16.8507
215, 2, 16.5249
216, 2, 16.3645
217, 2, 16.4783
218, 2, 17.7467
219, 2, 17.6531
220, 2, 17.3107
221, 2, 17.1955
222, 2, 16.7890
223, 2, 16.7109
224, 2, 16.3979
225, 2, 16.4007
226, 2, 17.8059
227, 2, 17.6485
228, 2, 17.3846
229, 2, 17.0813
230, 2, 16.7860
231, 2, 16.5930
232, 2, 16.4348
233, 2, 16.4114
234, 2, 17.8225
235, 2, 17.6991
236, 2, 17.3970
237, 2, 17.2110
238, 2, 16.7919
239, 2, 16.6264
240, 2, 16.4692
241, 2, 16.2146
242, 2, 17.7152
243, 2, 17.3222
244, 2, 17.2566
245, 2, 17.0374
246, 2, 16.7708
247, 2, 16.6695
248, 2, 16.3487
249, 2, 16.2435
250, 2, 17.6251
1, 3, 16.8027
2, 3, 17.5123
3, 3, 17.9916
4, 3, 16.9355
5, 3, 17.1029
6, 3, 17.1176
7, 3, 16.9545
8, 3, 16.5470
9, 3, 16.4717
10, 3, 17.8770
11, 3, 17.9037
12, 3, 17.3810
13, 3, 17.2761
14, 3, 16.6469
15, 3, 16.4206
16, 3, 16.1552
17, 3, 16.4228
18, 3, 17.7234
19, 3, 17.1493
20, 3, 17.0117
21, 3, 17.2051
22, 3, 17.1008
23, 3, 17.0471
24, 3, 16.5905
25, 3, 16.5465
26, 3, 17.5915
27, 3, 17.6289
28, 3, 17.4687
29, 3, 17.1649
30, 3, 17.1363
31, 3, 16.7660
32, 3, 16.5370
33, 3, 16.4817
34, 3, 16.6353
35, 3, 17.5454
36, 3, 17.3817
37, 3, 17.2053
38, 3, 16.9728
39, 3, 16.6431
40, 3, 16.1850
41, 3, 16.5078
42, 3, 17.5486
43, 3, 17.8421
44, 3, 16.9835
45, 3, 16.9541
46, 3, 16.3352
47, 3, 15.5649
48, 3, 15.1389
49, 3, 16.3726
50, 3, 17.5093
51, 3, 17.4398
52, 3, 16.7067
53, 3, 16.5211
54, 3, 15.8917
55, 3, 15.9708
56, 3, 15.7136
57, 3, 16.3051
58, 3, 16.8095
59, 3, 16.9509
60, 3, 16.9890
61, 3, 16.8430
62, 3, 16.1786
63, 3, 16.5149
64, 3, 15.6527
65, 3, 16.3254
66, 3, 16.8608
67, 3, 17.2956
68, 3, 17.0627
69, 3, 15.8244
70, 3, 15.7591
71, 3, 15.5704
72, 3, 15.4004
73, 3, 16.2885
74, 3, 16.4651
75, 3, 16.4530
76, 3, 16.2336
77, 3, 16.2932
78, 3, 15.7540
79, 3, 15.5065
80, 3, 15.2289
81, 3, 16.2813
82, 3, 16.3762
83, 3, 16.4662
84, 3, 16.0220
85, 3, 16.2003
86, 3, 16.1297
87, 3, 15.8776
88, 3, 15.9207
89, 3, 16.1373
90, 3, 17.2616
91, 3, 15.1711
92, 3, 15.4591
93, 3, 16.1035
94, 3, 15.6893
95, 3, 15.6294
96, 3, 15.6191
97, 3, 16.1959
98, 3, 17.3090
99, 3, 16.9845
100, 3, 16.7755
101, 3, 16.1367
102, 3, 15.9556
103, 3, 16.2165
104, 3, 15.4848
105, 3, 16.2872
106, 3, 16.3111
107, 3, 16.5479
108, 3, 15.6803
109, 3, 15.6780
110, 3, 15.7263
111, 3, 15.4930
112, 3, 15.6176
113, 3, 16.3131
114, 3, 16.6049
115, 3, 16.6787
116, 3, 16.6713
117, 3, 16.6800
118, 3, 14.2413
119, 3, 14.8719
120, 3, 15.0363
121, 3, 16.3969
122, 3, 17.4732
123, 3, 17.0951
124, 3, 16.6525
125, 3, 16.1380
126, 3, 15.8182
127, 3, 16.1215
128, 3, 15.8950
129, 3, 16.3115
130, 3, 17.4262
131, 3, 17.1577
132, 3, 17.0030
133, 3, 16.3043
134, 3, 16.0071
135, 3, 16.1295
136, 3, 15.3771
137, 3, 16.2058
138, 3, 16.6877
139, 3, 16.8774
140, 3, 16.7166
141, 3, 16.4178
142, 3, 16.4854
143, 3, 16.1950
144, 3, 15.9783
145, 3, 16.2616
146, 3, 17.2761
147, 3, 17.4193
148, 3, 17.1313
149, 3, 16.8301
150, 3, 16.3886
151, 3, 16.4227
152, 3, 16.2477
153, 3, 16.3747
154, 3, 16.8118
155, 3, 16.1441
156, 3, 16.0521
157, 3, 16.3873
158, 3, 14.6212
159, 3, 14.5312
160, 3, 14.6468
161, 3, 16.3012
162, 3, 16.8402
163, 3, 16.5752
164, 3, 15.7059
165, 3, 15.0679
166, 3, 14.7567
167, 3, 14.6440
168, 3, 14.4797
169, 3, 16.1701
170, 3, 15.4309
171, 3, 14.7224
172, 3, 15.5693
173, 3, 15.7793
174, 3, 15.7507
175, 3, 15.6161
176, 3, 15.4136
177, 3, 16.1001
178, 3, 16.1555
179, 3, 16.3036
180, 3, 16.1424
181, 3, 16.2743
182, 3, 15.8663
183, 3, 15.0066
184, 3, 14.5781
185, 3, 16.1893
186, 3, 15.6337
187, 3, 16.0597
188, 3, 15.3687
189, 3, 15.1939
190, 3, 15.0172
191, 3, 15.2379
192, 3, 15.1423
193, 3, 16.1516
194, 3, 15.7651
195, 3, 16.1864
196, 3, 15.9451
197, 3, 15.8944
198, 3, 15.8037
199, 3, 15.5750
200, 3, 15.5250
201, 3, 16.1739
202, 3, 15.9320
203, 3, 15.8529
204, 3, 15.2511
205, 3, 14.6809
206, 3, 14.1963
207, 3, 14.0480
208, 3, 13.2500
209, 3, 16.3619
210, 3, 15.1756
211, 3, 15.0911
212, 3, 14.2851
213, 3, 13.2116
214, 3, 13.1709
215, 3, 12.9866
216, 3, 12.7771
217, 3, 16.4783
218, 3, 16.3491
219, 3, 15.7308
220, 3, 14.1015
221, 3, 14.0505
222, 3, 14.2024
223, 3, 14.1096
224, 3, 13.6468
225, 3, 16.4007
226, 3, 17.0108
227, 3, 15.9890
228, 3, 15.7757
229, 3, 15.1170
230, 3, 14.3926
231, 3, 14.6357
232, 3, 14.3708
233, 3, 16.4114
234, 3, 16.8073
235, 3, 16.9983
236, 3, 17.1205
237, 3, 17.3041
238, 3, 16.7769
239, 3, 16.3603
240, 3, 16.2580
241, 3, 16.2146
242, 3, 17.3559
243, 3, 16.8542
244, 3, 16.4246
245, 3, 16.8330
246, 3, 16.9913
247, 3, 16.9654
248, 3, 16.5944
249, 3, 16.2435
250, 3, 16.5518
1, 4, 16.8027
2, 4, 16.6548
3, 4, 16.3903
4, 4, 15.6840
5, 4, 15.5141
6, 4, 15.3336
7, 4, 15.0581
8, 4, 14.9565
9, 4, 16.4717
10, 4, 17.1796
11, 4, 17.1313
12, 4, 16.9259
13, 4, 16.8979
14, 4, 16.1189
15, 4, 15.8254
16, 4, 15.5198
17, 4, 16.4228
18, 4, 17.1069
19, 4, 15.2344
20, 4, 14.5368
21, 4, 15.0405
22, 4, 15.0377
23, 4, 14.8646
24, 4, 14.5214
25, 4, 16.5465
26, 4, 17.0323
27, 4, 16.4003
28, 4, 16.3528
29, 4, 16.1616
30, 4, 15.9539
31, 4, 15.5278
32, 4, 15.3692
33, 4, 16.4817
34, 4, 15.8822
35, 4, 16.2080
36, 4, 16.0853
37, 4, 15.8097
38, 4, 15.7974
39, 4, 15.3455
40, 4, 14.9360
41, 4, 16.5078
42, 4, 17.0054
43, 4, 17.0405
44, 4, 16.2819
45, 4, 16.1075
46, 4, 15.9113
47, 4, 15.0478
48, 4, 14.7494
49, 4, 16.3726
50, 4, 16.9938
51, 4, 16.5959
52, 4, 15.0619
53, 4, 14.7824
54, 4, 14.0140
55, 4, 13.7049
56, 4, 13.4291
57, 4, 16.3051
58, 4, 15.5558
59, 4, 15.6175
60, 4, 14.9322
61, 4, 14.4678
62, 4, 14.6448
63, 4, 15.0733
64, 4, 14.4444
65, 4, 16.3254
66, 4, 16.4958
67, 4, 16.7344
68, 4, 16.3337
69, 4, 15.5581
70, 4, 15.6458
71, 4, 15.3953
72, 4, 15.3512
73, 4, 16.2885
74, 4, 16.5769
75, 4, 16.2150
76, 4, 16.1522
77, 4, 16.2021
78, 4, 16.0354
79, 4, 15.9499
80, 4, 15.7399
81, 4, 16.2813
82, 4, 16.7631
83, 4, 16.8311
84, 4, 16.4794
85, 4, 16.6217
86, 4, 16.4727
87, 4, 15.9818
88, 4, 15.6152
89, 4, 16.1373
90, 4, 17.0419
91, 4, 15.3168
92, 4, 15.7850
93, 4, 16.2992
94, 4, 15.9262
95, 4, 15.6547
96, 4, 15.7519
97, 4, 16.1959
98, 4, 17.2347
99, 4, 16.6458
100, 4, 16.2438
101, 4, 15.5124
102, 4, 15.1822
103, 4, 15.3544
104, 4, 14.8187
105, 4, 16.2872
106, 4, 16.8011
107, 4, 17.0993
108, 4, 16.4962
109, 4, 16.3691
110, 4, 16.0835
111, 4, 15.4095
112, 4, 15.1842
113, 4, 16.3131
114, 4, 16.2930
115, 4, 15.8870
116, 4, 15.8964
117, 4, 16.0624
118, 4, 14.0479
119, 4, 14.1702
120, 4, 13.9791
121, 4, 16.3969
122, 4, 17.1036
123, 4, 15.9380
124, 4, 15.6837
125, 4, 15.2773
126, 4, 15.1046
127, 4, 15.2464
128, 4, 14.9310
129, 4, 16.3115
130, 4, 17.0217
131, 4, 15.7741
132, 4, 15.5535
133, 4, 14.3991
134, 4, 13.8407
135, 4, 13.5199
136, 4, 12.9563
137, 4, 16.2058
138, 4, 15.4627
139, 4, 14.5997
140, 4, 13.7297
141, 4, 12.8358
142, 4, 14.9272
143, 4, 14.4542
144, 4, 13.8918
145, 4, 16.2616
146, 4, 15.5508
147, 4, 14.9398
148, 4, 13.7388
149, 4, 12.7597
150, 4, 12.2721
151, 4, 11.9997
152, 4, 11.8254
153, 4, 16.3747
154, 4, 16.0894
155, 4, 15.2317
156, 4, 14.7611
157, 4, 14.5357
158, 4, 13.9686
159, 4, 13.3914
160, 4, 13.1287
161, 4, 16.3012
162, 4, 15.7952
163, 4, 15.1239
164, 4, 14.5739
165, 4, 14.1764
166, 4, 13.8331
167, 4, 13.7587
168, 4, 13.3021
169, 4, 16.1701
170, 4, 15.4791
171, 4, 14.9085
172, 4, 14.8790
173, 4, 14.1372
174, 4, 13.5634
175, 4, 13.2754
176, 4, 12.7094
177, 4, 16.1001
178, 4, 15.2514
179, 4, 14.7079
180, 4, 14.2533
181, 4, 13.9616
182, 4, 13.4401
183, 4, 13.0535
184, 4, 12.6662
185, 4, 16.1893
186, 4, 15.6214
187, 4, 15.1052
188, 4, 14.2624
189, 4, 13.7898
190, 4, 13.5111
191, 4, 13.2050
192, 4, 12.9808
193, 4, 16.1516
194, 4, 15.5265
195, 4, 15.3428
196, 4, 14.7958
197, 4, 14.5158
198, 4, 14.0944
199, 4, 13.7291
200, 4, 13.5579
201, 4, 16.1739
202, 4, 15.3222
203, 4, 15.2047
204, 4, 14.5651
205, 4, 14.2157
206, 4, 13.7172
207, 4, 13.4647
208, 4, 13.0992
209, 4, 16.3619
210, 4, 14.9464
211, 4, 14.9042
212, 4, 14.5124
213, 4, 13.6733
214, 4, 13.7067
215, 4, 13.6213
216, 4, 13.3526
217, 4, 16.4783
218, 4, 16.2814
219, 4, 15.8277
220, 4, 14.5516
221, 4, 14.3308
222, 4, 14.0446
223, 4, 13.6936
224, 4, 12.9778
225, 4, 16.4007
226, 4, 16.8388
227, 4, 15.5906
228, 4, 15.2568
229, 4, 14.6122
230, 4, 13.6127
231, 4, 13.4220
232, 4, 13.4800
233, 4, 16.4114
234, 4, 16.5500
235, 4, 15.9176
236, 4, 15.5493
237, 4, 14.9026
238, 4, 14.3016
239, 4, 13.8693
240, 4, 13.6870
241, 4, 16.2146
242, 4, 16.8622
243, 4, 15.4156
244, 4, 15.0391
245, 4, 14.6119
246, 4, 14.3664
247, 4, 14.0360
248, 4, 13.6433
249, 4, 16.2435
250, 4, 15.6197
1, 5, 16.8027
2, 5, 16.3178
3, 5, 16.0572
4, 5, 15.0935
5, 5, 14.9290
6, 5, 14.5178
7, 5, 14.1775
8, 5, 14.0548
9, 5, 16.4717
10, 5, 16.9833
11, 5, 16.2534
12, 5, 15.5413
13, 5, 15.0071
14, 5, 14.3685
15, 5, 13.9260
16, 5, 13.5683
17, 5, 16.4228
18, 5, 16.8985
19, 5, 15.1099
20, 5, 14.7294
21, 5, 14.4144
22, 5, 13.9432
23, 5, 13.5718
24, 5, 13.2584
25, 5, 16.5465
26, 5, 16.8240
27, 5, 15.9504
28, 5, 15.4417
29, 5, 15.0663
30, 5, 14.6024
31, 5, 13.9352
32, 5, 13.3718
33, 5, 16.4817
34, 5, 15.2365
35, 5, 15.1417
36, 5, 14.7944
37, 5, 14.3799
38, 5, 14.1211
39, 5, 13.2267
40, 5, 13.0034
41, 5, 16.5078
42, 5, 16.6180
43, 5, 16.1167
44, 5, 14.8065
45, 5, 14.2891
46, 5, 14.0324
47, 5, 13.6770
48, 5, 12.9521
49, 5, 16.3726
50, 5, 16.5079
51, 5, 15.6850
52, 5, 14.0710
53, 5, 13.5035
54, 5, 12.9752
55, 5, 12.4622
56, 5, 11.9416
57, 5, 16.3051
58, 5, 15.0765
59, 5, 14.9892
60, 5, 13.8048
61, 5, 12.5449
62, 5, 12.1628
63, 5, 11.7408
64, 5, 11.0623
65, 5, 16.3254
66, 5, 15.4484
67, 5, 14.7472
68, 5, 13.8547
69, 5, 13.0165
70, 5, 12.4979
71, 5, 11.9193
72, 5, 11.4994
73, 5, 16.2885
74, 5, 15.8764
75, 5, 14.4987
76, 5, 13.5717
77, 5, 12.8499
78, 5, 12.1907
79, 5, 11.7134
80, 5, 11.2924
81, 5, 16.2813
82, 5, 15.0641
83, 5, 14.3512
84, 5, 13.2436
85, 5, 12.7571
86, 5, 12.3548
87, 5, 11.8370
88, 5, 11.5570
89, 5, 16.1373
90, 5, 16.5203
91, 5, 13.5510
92, 5, 12.7020
93, 5, 12.2364
94, 5, 11.6703
95, 5, 11.1730
96, 5, 10.6795
97, 5, 16.1959
98, 5, 15.5188
99, 5, 14.2620
100, 5, 13.2817
101, 5, 12.5861
102, 5, 12.1691
103, 5, 11.9016
104, 5, 11.5720
105, 5, 16.2872
106, 5, 15.4608
107, 5, 14.9663
108, 5, 13.3265
109, 5, 12.8316
110, 5, 12.2212
111, 5, 11.5682
112, 5, 11.0890
113, 5, 16.3131
114, 5, 14.9536
115, 5, 13.9797
116, 5, 13.2322
117, 5, 12.8189
118, 5, 11.7415
119, 5, 11.4966
120, 5, 11.0278
121, 5, 16.3969
122, 5, 16.5163
123, 5, 14.7174
124, 5, 13.4889
125, 5, 12.5637
126, 5, 11.9136
127, 5, 11.4015
128, 5, 10.9655
129, 5, 16.3115
130, 5, 16.4417
131, 5, 14.4349
132, 5, 13.3912
133, 5, 12.3598
134, 5, 11.6886
135, 5, 11.0357
136, 5, 10.8777
137, 5, 16.2058
138, 5, 16.3181
139, 5, 16.4827
140, 5, 16.7046
141, 5, 16.7805
142, 5, 17.0867
143, 5, 17.0015
144, 5, 16.7451
145, 5, 16.2616
146, 5, 17.1020
147, 5, 17.4120
148, 5, 16.9404
149, 5, 16.8613
150, 5, 16.5788
151, 5, 16.7073
152, 5, 16.9448
153, 5, 16.3747
154, 5, 17.0893
155, 5, 16.9986
156, 5, 17.1048
157, 5, 17.5101
158, 5, 17.0604
159, 5, 16.3636
160, 5, 16.3986
161, 5, 16.3012
162, 5, 17.3824
163, 5, 17.7784
164, 5, 17.4667
165, 5, 17.3065
166, 5, 17.2309
167, 5, 17.2329
168, 5, 16.7194
169, 5, 16.1701
170, 5, 16.3801
171, 5, 16.5354
172, 5, 17.0349
173, 5, 16.7022
174, 5, 16.4927
175, 5, 16.5635
176, 5, 16.3050
177, 5, 16.1001
178, 5, 16.2818
179, 5, 16.5463
180, 5, 16.6099
181, 5, 16.9345
182, 5, 16.9206
183, 5, 16.7462
184, 5, 16.7331
185, 5, 16.1893
186, 5, 16.9915
187, 5, 17.3860
188, 5, 16.6186
189, 5, 16.4778
190, 5, 16.2235
191, 5, 16.4930
192, 5, 16.4929
193, 5, 16.1516
194, 5, 16.2775
195, 5, 16.6042
196, 5, 16.4418
197, 5, 16.6557
198, 5, 16.4315
199, 5, 16.5531
200, 5, 16.5991
201, 5, 16.1739
202, 5, 16.3413
203, 5, 17.1307
204, 5, 17.0050
205, 5, 16.6774
206, 5, 15.8587
207, 5, 15.8101
208, 5, 15.2995
209, 5, 16.3619
210, 5, 15.4863
211, 5, 15.9656
212, 5, 15.7839
213, 5, 14.5959
214, 5, 14.8707
215, 5, 14.7221
216, 5, 14.6341
217, 5, 16.4783
218, 5, 16.3914
219, 5, 16.0757
220, 5, 14.8578
221, 5, 14.9685
222, 5, 15.0288
223, 5, 15.1182
224, 5, 14.5992
225, 5, 16.4007
226, 5, 17.0972
227, 5, 16.4063
228, 5, 16.2661
229, 5, 15.7897
230, 5, 14.9906
231, 5, 15.1042
232, 5, 15.2948
233, 5, 16.4114
234, 5, 16.5795
235, 5, 16.0955
236, 5, 16.1042
237, 5, 15.7586
238, 5, 15.6423
239, 5, 15.5845
240, 5, 15.9650
241, 5, 16.2146
242, 5, 17.5263
243, 5, 16.5484
244, 5, 16.4147
245, 5, 16.1518
246, 5, 16.2152
247, 5, 16.1754
248, 5, 15.8790
249, 5, 16.2435
250, 5, 16.1253
