Frame Index, Action Index, SSIM (dB)
1, 0, 16.8027
2, 0, 16.8044
3, 0, 16.6039
4, 0, 15.5248
5, 0, 15.1653
6, 0, 14.5929
7, 0, 16.6373
8, 0, 17.1435
9, 0, 16.3580
10, 0, 15.8606
11, 0, 15.2546
12, 0, 14.5712
13, 0, 14.1016
14, 0, 13.5932
15, 0, 16.5176
16, 0, 17.1012
17, 0, 16.3244
18, 0, 15.8658
19, 0, 15.1045
20, 0, 14.3335
21, 0, 14.0339
22, 0, 13.6727
23, 0, 16.4365
24, 0, 16.6367
25, 0, 16.3617
26, 0, 15.7028
27, 0, 15.1433
28, 0, 14.6013
29, 0, 14.0372
30, 0, 13.6953
31, 0, 16.5402
32, 0, 16.8264
33, 0, 16.2007
34, 0, 14.6659
35, 0, 14.5061
36, 0, 13.9602
37, 0, 13.5157
38, 0, 13.3915
39, 0, 16.4655
40, 0, 16.1621
41, 0, 16.1883
42, 0, 15.6113
43, 0, 15.0635
44, 0, 14.3000
45, 0, 13.8874
46, 0, 13.5538
47, 0, 16.4489
48, 0, 16.7647
49, 0, 16.0740
50, 0, 15.7873
51, 0, 15.3489
52, 0, 14.4846
53, 0, 14.0215
54, 0, 13.4752
55, 0, 16.2579
56, 0, 16.6993
57, 0, 16.3009
58, 0, 15.3121
59, 0, 14.9504
60, 0, 14.5028
61, 0, 13.8349
62, 0, 13.3271
63, 0, 16.4212
64, 0, 15.8332
65, 0, 15.7404
66, 0, 15.3221
67, 0, 15.1188
68, 0, 14.4271
69, 0, 13.4990
70, 0, 12.8951
71, 0, 16.2648
72, 0, 16.6180
73, 0, 16.1105
74, 0, 15.3703
75, 0, 14.9103
76, 0, 14.5049
77, 0, 13.9555
78, 0, 13.3274
79, 0, 16.3382
80, 0, 16.5759
81, 0, 15.7705
82, 0, 14.9778
83, 0, 14.7667
84, 0, 14.0622
85, 0, 13.8223
86, 0, 13.6134
87, 0, 16.2332
88, 0, 16.7986
89, 0, 16.3668
90, 0, 15.7863
91, 0, 14.3984
92, 0, 14.2969
93, 0, 13.9661
94, 0, 13.4282
95, 0, 16.1913
96, 0, 16.0915
97, 0, 15.5640
98, 0, 14.4905
99, 0, 13.2302
100, 0, 12.2305
101, 0, 12.0621
102, 0, 12.1178
103, 0, 16.1329
104, 0, 14.7510
105, 0, 15.7193
106, 0, 15.5164
107, 0, 15.0706
108, 0, 14.5496
109, 0, 14.1242
110, 0, 13.7178
111, 0, 16.2132
112, 0, 16.7547
113, 0, 16.3649
114, 0, 15.6335
115, 0, 15.1723
116, 0, 14.6772
117, 0, 14.1666
118, 0, 13.1280
119, 0, 16.4645
120, 0, 16.6827
121, 0, 16.2513
122, 0, 15.6444
123, 0, 14.7884
124, 0, 14.0596
125, 0, 13.6949
126, 0, 13.2617
127, 0, 16.2125
128, 0, 16.5044
129, 0, 15.9074
130, 0, 15.5592
131, 0, 14.8820
132, 0, 14.3367
133, 0, 13.5023
134, 0, 12.8296
135, 0, 16.2347
136, 0, 15.2533
137, 0, 14.9221
138, 0, 13.8438
139, 0, 12.9078
140, 0, 12.0590
141, 0, 11.3428
142, 0, 10.8173
143, 0, 16.1501
144, 0, 15.1554
145, 0, 14.7245
146, 0, 13.6906
147, 0, 12.9301
148, 0, 12.1145
149, 0, 11.4821
150, 0, 11.1294
151, 0, 16.2112
152, 0, 16.4473
153, 0, 15.0041
154, 0, 14.0527
155, 0, 12.8249
156, 0, 11.9956
157, 0, 11.5195
158, 0, 10.8606
159, 0, 16.3314
160, 0, 15.4411
161, 0, 14.8724
162, 0, 13.5485
163, 0, 12.7560
164, 0, 11.9234
165, 0, 11.9341
166, 0, 11.2875
167, 0, 16.1571
168, 0, 15.4854
169, 0, 14.3035
170, 0, 13.4973
171, 0, 12.6577
172, 0, 12.0734
173, 0, 11.5037
174, 0, 10.9265
175, 0, 16.2040
176, 0, 15.9049
177, 0, 15.1148
178, 0, 13.6571
179, 0, 12.7016
180, 0, 12.7089
181, 0, 12.0979
182, 0, 11.4377
183, 0, 16.1275
184, 0, 15.6202
185, 0, 14.3755
186, 0, 13.6987
187, 0, 12.9367
188, 0, 12.3487
189, 0, 11.6669
190, 0, 11.2345
191, 0, 16.1231
192, 0, 15.9026
193, 0, 14.4496
194, 0, 13.9135
195, 0, 13.3871
196, 0, 12.6142
197, 0, 12.0205
198, 0, 11.5713
199, 0, 16.1081
200, 0, 15.8967
201, 0, 15.6971
202, 0, 14.0661
203, 0, 13.4731
204, 0, 12.5460
205, 0, 11.8987
206, 0, 11.6268
207, 0, 16.0516
208, 0, 15.1174
209, 0, 13.9136
210, 0, 12.9268
211, 0, 12.4040
212, 0, 11.9545
213, 0, 11.1451
214, 0, 10.6684
215, 0, 16.4227
216, 0, 16.6915
217, 0, 15.0995
218, 0, 13.6993
219, 0, 12.8821
220, 0, 12.3640
221, 0, 11.9192
222, 0, 11.0729
223, 0, 16.4582
224, 0, 15.3407
225, 0, 14.5605
226, 0, 14.3849
227, 0, 13.4419
228, 0, 12.7136
229, 0, 11.8771
230, 0, 11.1146
231, 0, 16.3760
232, 0, 15.6336
233, 0, 14.1648
234, 0, 13.1909
235, 0, 12.4492
236, 0, 11.9012
237, 0, 11.5992
238, 0, 10.9044
239, 0, 16.2884
240, 0, 16.0326
241, 0, 14.6021
242, 0, 13.9201
243, 0, 12.7815
244, 0, 13.0302
245, 0, 12.2613
246, 0, 11.7359
247, 0, 16.3722
248, 0, 16.0330
249, 0, 14.9958
250, 0, 13.8393
1, 1, 11.2278
2, 1, 11.0197
3, 1, 10.7905
4, 1, 10.7414
5, 1, 10.9434
6, 1, 10.5730
7, 1, 16.6373
8, 1, 16.7860
9, 1, 15.5586
10, 1, 14.6840
11, 1, 13.8067
12, 1, 13.0983
13, 1, 12.6393
14, 1, 12.0783
15, 1, 16.5176
16, 1, 16.6666
17, 1, 15.2665
18, 1, 15.2128
19, 1, 13.9092
20, 1, 13.3330
21, 1, 12.8667
22, 1, 12.1876
23, 1, 16.4365
24, 1, 16.2583
25, 1, 15.5333
26, 1, 14.7836
27, 1, 13.7844
28, 1, 13.0602
29, 1, 12.4394
30, 1, 11.9961
31, 1, 16.5402
32, 1, 16.3899
33, 1, 15.3818
34, 1, 13.9297
35, 1, 13.3755
36, 1, 12.9550
37, 1, 12.3375
38, 1, 11.9521
39, 1, 16.4655
40, 1, 15.4742
41, 1, 15.5697
42, 1, 14.6793
43, 1, 13.8829
44, 1, 12.8876
45, 1, 12.3548
46, 1, 12.1090
47, 1, 16.4489
48, 1, 15.7224
49, 1, 15.3230
50, 1, 14.3814
51, 1, 13.6238
52, 1, 12.6766
53, 1, 12.1791
54, 1, 13.5122
55, 1, 16.2579
56, 1, 17.3651
57, 1, 17.0803
58, 1, 16.7022
59, 1, 15.7003
60, 1, 15.6447
61, 1, 14.9148
62, 1, 14.2286
63, 1, 16.4212
64, 1, 15.3110
65, 1, 15.0412
66, 1, 14.9766
67, 1, 14.8420
68, 1, 13.9681
69, 1, 14.2825
70, 1, 15.0323
71, 1, 16.2648
72, 1, 17.3346
73, 1, 17.0606
74, 1, 16.6998
75, 1, 16.3507
76, 1, 15.9545
77, 1, 15.5484
78, 1, 14.6421
79, 1, 16.3382
80, 1, 15.5739
81, 1, 14.3908
82, 1, 14.6940
83, 1, 14.3959
84, 1, 13.7273
85, 1, 13.7091
86, 1, 13.5222
87, 1, 16.2332
88, 1, 16.9849
89, 1, 16.5620
90, 1, 15.9871
91, 1, 13.9155
92, 1, 13.8900
93, 1, 14.0567
94, 1, 13.8662
95, 1, 16.1913
96, 1, 16.3531
97, 1, 16.6919
98, 1, 16.2396
99, 1, 15.0024
100, 1, 14.5571
101, 1, 13.7777
102, 1, 12.6714
103, 1, 16.1329
104, 1, 15.4891
105, 1, 15.6346
106, 1, 15.3235
107, 1, 15.5295
108, 1, 14.8878
109, 1, 14.9940
110, 1, 14.8980
111, 1, 16.2132
112, 1, 17.0710
113, 1, 17.0889
114, 1, 16.0426
115, 1, 16.3319
116, 1, 15.9117
117, 1, 15.6277
118, 1, 14.1365
119, 1, 16.4645
120, 1, 17.2294
121, 1, 16.5540
122, 1, 16.5058
123, 1, 15.6776
124, 1, 15.4404
125, 1, 15.1903
126, 1, 15.0525
127, 1, 16.2125
128, 1, 16.6208
129, 1, 16.5668
130, 1, 16.4196
131, 1, 15.6536
132, 1, 15.5145
133, 1, 15.0243
134, 1, 14.8769
135, 1, 16.2347
136, 1, 15.8586
137, 1, 16.2336
138, 1, 15.6108
139, 1, 15.5164
140, 1, 15.1196
141, 1, 15.0313
142, 1, 15.0255
143, 1, 16.1501
144, 1, 16.6938
145, 1, 16.6303
146, 1, 16.4284
147, 1, 15.9203
148, 1, 15.3214
149, 1, 14.8188
150, 1, 14.2544
151, 1, 16.2112
152, 1, 16.5920
153, 1, 15.4044
154, 1, 14.5535
155, 1, 13.5202
156, 1, 13.0690
157, 1, 13.3797
158, 1, 13.2448
159, 1, 16.3314
160, 1, 15.8756
161, 1, 15.8607
162, 1, 14.4523
163, 1, 14.5525
164, 1, 14.6871
165, 1, 14.9901
166, 1, 14.8147
167, 1, 16.1571
168, 1, 16.7781
169, 1, 16.5778
170, 1, 16.1491
171, 1, 16.0359
172, 1, 15.6302
173, 1, 15.3589
174, 1, 14.9174
175, 1, 16.2040
176, 1, 16.8348
177, 1, 16.8007
178, 1, 16.5722
179, 1, 16.1442
180, 1, 15.8938
181, 1, 15.5540
182, 1, 15.3278
183, 1, 16.1275
184, 1, 17.0490
185, 1, 16.5270
186, 1, 15.8517
187, 1, 15.9090
188, 1, 15.2108
189, 1, 14.9402
190, 1, 14.7260
191, 1, 16.1231
192, 1, 16.5933
193, 1, 16.0128
194, 1, 15.9756
195, 1, 15.8239
196, 1, 15.5430
197, 1, 15.2170
198, 1, 15.2435
199, 1, 16.1081
200, 1, 16.9596
201, 1, 16.6401
202, 1, 15.8885
203, 1, 15.6556
204, 1, 15.4873
205, 1, 15.0873
206, 1, 14.6698
207, 1, 16.0516
208, 1, 15.6586
209, 1, 14.7183
210, 1, 14.5316
211, 1, 14.9089
212, 1, 15.1757
213, 1, 15.1524
214, 1, 15.2389
215, 1, 16.4227
216, 1, 17.4595
217, 1, 16.9272
218, 1, 16.3750
219, 1, 15.9419
220, 1, 14.5294
221, 1, 14.1571
222, 1, 14.3612
223, 1, 16.4582
224, 1, 16.1180
225, 1, 15.6025
226, 1, 15.3313
227, 1, 15.1463
228, 1, 14.9087
229, 1, 14.7036
230, 1, 14.1087
231, 1, 16.3760
232, 1, 16.5881
233, 1, 15.4976
234, 1, 15.5543
235, 1, 15.2896
236, 1, 15.0429
237, 1, 14.7793
238, 1, 14.3639
239, 1, 16.2884
240, 1, 16.8226
241, 1, 16.2600
242, 1, 16.2120
243, 1, 15.4037
244, 1, 15.0851
245, 1, 14.7125
246, 1, 14.7793
247, 1, 16.3722
248, 1, 16.1287
249, 1, 15.2672
250, 1, 14.2742
1, 2, 11.7508
2, 2, 13.0471
3, 2, 13.4648
4, 2, 13.3067
5, 2, 13.4176
6, 2, 13.4339
7, 2, 16.6373
8, 2, 17.3018
9, 2, 16.7791
10, 2, 16.5915
11, 2, 16.1725
12, 2, 15.5631
13, 2, 15.4406
14, 2, 15.0038
15, 2, 16.5176
16, 2, 17.1609
17, 2, 16.5275
18, 2, 16.3772
19, 2, 15.4704
20, 2, 15.2613
21, 2, 15.2339
22, 2, 15.0770
23, 2, 16.4365
24, 2, 16.6408
25, 2, 16.6705
26, 2, 16.2699
27, 2, 15.8584
28, 2, 15.4079
29, 2, 15.1956
30, 2, 15.1227
31, 2, 16.5402
32, 2, 16.9511
33, 2, 16.6888
34, 2, 15.5027
35, 2, 15.7474
36, 2, 15.6347
37, 2, 15.1822
38, 2, 15.0599
39, 2, 16.4655
40, 2, 15.9796
41, 2, 16.3227
42, 2, 16.0584
43, 2, 15.9522
44, 2, 15.2288
45, 2, 15.0840
46, 2, 14.9146
47, 2, 16.4489
48, 2, 16.4634
49, 2, 16.3704
50, 2, 16.1714
51, 2, 16.0108
52, 2, 15.1210
53, 2, 14.6834
54, 2, 14.0412
55, 2, 16.2579
56, 2, 16.6008
57, 2, 16.4556
58, 2, 14.9291
59, 2, 15.1445
60, 2, 14.9813
61, 2, 14.4495
62, 2, 14.0376
63, 2, 16.4212
64, 2, 15.6855
65, 2, 15.7360
66, 2, 15.7824
67, 2, 15.7795
68, 2, 15.3889
69, 2, 14.4804
70, 2, 14.5909
71, 2, 16.2648
72, 2, 16.3923
73, 2, 16.4147
74, 2, 15.7809
75, 2, 15.2832
76, 2, 15.0919
77, 2, 14.9079
78, 2, 14.5524
79, 2, 16.3382
80, 2, 16.1754
81, 2, 15.5512
82, 2, 14.9247
83, 2, 14.7516
84, 2, 14.2643
85, 2, 14.2270
86, 2, 14.4704
87, 2, 16.2332
88, 2, 16.9041
89, 2, 16.3871
90, 2, 15.9044
91, 2, 14.0872
92, 2, 13.9155
93, 2, 14.0055
94, 2, 14.0121
95, 2, 16.1913
96, 2, 16.0167
97, 2, 15.9025
98, 2, 15.7362
99, 2, 15.2009
100, 2, 14.5944
101, 2, 14.2430
102, 2, 13.9461
103, 2, 16.1329
104, 2, 15.3856
105, 2, 15.8399
106, 2, 15.0345
107, 2, 15.0585
108, 2, 14.3307
109, 2, 14.2190
110, 2, 14.2152
111, 2, 16.2132
112, 2, 16.2397
113, 2, 16.3532
114, 2, 15.2837
115, 2, 14.5397
116, 2, 13.9739
117, 2, 13.6094
118, 2, 12.1526
119, 2, 16.4645
120, 2, 15.7013
121, 2, 15.0204
122, 2, 14.7794
123, 2, 13.7990
124, 2, 14.2666
125, 2, 14.6828
126, 2, 15.0002
127, 2, 16.2125
128, 2, 16.9260
129, 2, 16.6928
130, 2, 16.8003
131, 2, 16.4962
132, 2, 16.2372
133, 2, 15.9957
134, 2, 15.6298
135, 2, 16.2347
136, 2, 16.2174
137, 2, 16.6107
138, 2, 16.3477
139, 2, 16.0530
140, 2, 16.0477
141, 2, 15.5405
142, 2, 15.3909
143, 2, 16.1501
144, 2, 15.9347
145, 2, 15.8343
146, 2, 16.1851
147, 2, 15.8981
148, 2, 15.2821
149, 2, 14.8217
150, 2, 14.4511
151, 2, 16.2112
152, 2, 16.7033
153, 2, 15.5612
154, 2, 14.8312
155, 2, 13.8354
156, 2, 13.2741
157, 2, 12.8437
158, 2, 12.0881
159, 2, 16.3314
160, 2, 15.4001
161, 2, 14.8898
162, 2, 13.5403
163, 2, 12.7148
164, 2, 12.4139
165, 2, 11.7123
166, 2, 11.1633
167, 2, 16.1571
168, 2, 15.5604
169, 2, 14.2941
170, 2, 13.6504
171, 2, 12.8414
172, 2, 12.4895
173, 2, 11.9576
174, 2, 11.3764
175, 2, 16.2040
176, 2, 15.4595
177, 2, 14.7011
178, 2, 13.1636
179, 2, 12.4284
180, 2, 11.8567
181, 2, 11.4112
182, 2, 11.0759
183, 2, 16.1275
184, 2, 15.9045
185, 2, 14.5574
186, 2, 13.6769
187, 2, 12.9220
188, 2, 12.5270
189, 2, 11.9818
190, 2, 11.3927
191, 2, 16.1231
192, 2, 15.8577
193, 2, 14.2873
194, 2, 13.7564
195, 2, 13.7656
196, 2, 12.9268
197, 2, 12.2428
198, 2, 11.6843
199, 2, 16.1081
200, 2, 15.8468
201, 2, 15.1503
202, 2, 13.5847
203, 2, 13.1368
204, 2, 12.4373
205, 2, 11.8186
206, 2, 11.2649
207, 2, 16.0516
208, 2, 15.1322
209, 2, 14.0753
210, 2, 13.5010
211, 2, 13.0916
212, 2, 12.6232
213, 2, 11.8852
214, 2, 11.6594
215, 2, 16.4227
216, 2, 16.7334
217, 2, 14.9809
218, 2, 13.6656
219, 2, 13.1190
220, 2, 13.3904
221, 2, 12.8773
222, 2, 12.0727
223, 2, 16.4582
224, 2, 15.3095
225, 2, 14.9729
226, 2, 14.2409
227, 2, 13.2493
228, 2, 12.7098
229, 2, 12.0640
230, 2, 11.3241
231, 2, 16.3760
232, 2, 15.6217
233, 2, 14.0306
234, 2, 13.5696
235, 2, 12.8319
236, 2, 12.5636
237, 2, 12.0915
238, 2, 11.4637
239, 2, 16.2884
240, 2, 16.0380
241, 2, 14.6790
242, 2, 14.0488
243, 2, 12.8424
244, 2, 12.3597
245, 2, 12.3672
246, 2, 12.0053
247, 2, 16.3722
248, 2, 15.8608
249, 2, 14.7269
250, 2, 13.5625
1, 3, 11.1458
2, 3, 10.8235
3, 3, 10.5095
4, 3, 10.2299
5, 3, 9.9751
6, 3, 9.6889
7, 3, 16.6373
8, 3, 16.7875
9, 3, 15.4750
10, 3, 14.5720
11, 3, 13.5966
12, 3, 12.7755
13, 3, 13.1467
14, 3, 12.4892
15, 3, 16.5176
16, 3, 16.5941
17, 3, 15.2554
18, 3, 14.4401
19, 3, 13.0874
20, 3, 12.5758
21, 3, 12.2680
22, 3, 11.8702
23, 3, 16.4365
24, 3, 16.3149
25, 3, 15.5509
26, 3, 14.4240
27, 3, 13.3724
28, 3, 12.5598
29, 3, 12.0703
30, 3, 11.6745
31, 3, 16.5402
32, 3, 16.3571
33, 3, 15.3160
34, 3, 13.8052
35, 3, 13.1015
36, 3, 12.5337
37, 3, 12.4697
38, 3, 12.0112
39, 3, 16.4655
40, 3, 15.2264
41, 3, 15.1623
42, 3, 14.1131
43, 3, 13.5459
44, 3, 12.5914
45, 3, 12.2642
46, 3, 11.7690
47, 3, 16.4489
48, 3, 15.5780
49, 3, 15.2075
50, 3, 14.1620
51, 3, 13.2674
52, 3, 12.2600
53, 3, 11.7599
54, 3, 11.3924
55, 3, 16.2579
56, 3, 16.1830
57, 3, 15.3307
58, 3, 13.5322
59, 3, 13.3887
60, 3, 12.9715
61, 3, 11.9451
62, 3, 11.5361
63, 3, 16.4212
64, 3, 14.8606
65, 3, 14.2857
66, 3, 13.8484
67, 3, 13.1581
68, 3, 12.4126
69, 3, 11.2493
70, 3, 10.8807
71, 3, 16.2648
72, 3, 15.5976
73, 3, 16.0625
74, 3, 15.5726
75, 3, 15.7451
76, 3, 15.4514
77, 3, 15.5135
78, 3, 14.9699
79, 3, 16.3382
80, 3, 16.0395
81, 3, 15.1427
82, 3, 14.0748
83, 3, 13.6813
84, 3, 12.9661
85, 3, 12.7906
86, 3, 12.7164
87, 3, 16.2332
88, 3, 17.2902
89, 3, 17.3461
90, 3, 17.0051
91, 3, 15.3816
92, 3, 15.3765
93, 3, 15.8507
94, 3, 15.4492
95, 3, 16.1913
96, 3, 16.1806
97, 3, 15.7663
98, 3, 14.4725
99, 3, 13.2004
100, 3, 12.2574
101, 3, 13.0704
102, 3, 12.4838
103, 3, 16.1329
104, 3, 14.5838
105, 3, 14.2414
106, 3, 13.7814
107, 3, 14.0142
108, 3, 13.0493
109, 3, 12.8596
110, 3, 12.4836
111, 3, 16.2132
112, 3, 15.9094
113, 3, 15.9168
114, 3, 15.2667
115, 3, 14.7278
116, 3, 14.9256
117, 3, 14.8460
118, 3, 12.8963
119, 3, 16.4645
120, 3, 15.8140
121, 3, 14.4919
122, 3, 14.7632
123, 3, 14.2524
124, 3, 14.0588
125, 3, 13.9530
126, 3, 14.0411
127, 3, 16.2125
128, 3, 16.3921
129, 3, 16.1280
130, 3, 16.3198
131, 3, 15.7466
132, 3, 15.7905
133, 3, 15.0223
134, 3, 15.1157
135, 3, 16.2347
136, 3, 15.9328
137, 3, 16.4154
138, 3, 15.7461
139, 3, 15.6940
140, 3, 15.3515
141, 3, 15.1229
142, 3, 14.9593
143, 3, 16.1501
144, 3, 16.1515
145, 3, 16.2787
146, 3, 15.7444
147, 3, 15.5226
148, 3, 15.2935
149, 3, 14.7784
150, 3, 14.3400
151, 3, 16.2112
152, 3, 17.0073
153, 3, 16.3733
154, 3, 15.9206
155, 3, 15.1085
156, 3, 15.0270
157, 3, 14.9811
158, 3, 14.5331
159, 3, 16.3314
160, 3, 16.4736
161, 3, 16.6974
162, 3, 16.1191
163, 3, 15.9497
164, 3, 15.4228
165, 3, 15.1423
166, 3, 14.7258
167, 3, 16.1571
168, 3, 16.2108
169, 3, 15.2530
170, 3, 14.5756
171, 3, 13.6839
172, 3, 13.3771
173, 3, 12.7082
174, 3, 12.0639
175, 3, 16.2040
176, 3, 15.9595
177, 3, 15.6254
178, 3, 14.5178
179, 3, 13.7946
180, 3, 13.4171
181, 3, 12.9366
182, 3, 12.8242
183, 3, 16.1275
184, 3, 16.6282
185, 3, 15.9944
186, 3, 15.8445
187, 3, 15.5646
188, 3, 15.2946
189, 3, 14.9645
190, 3, 14.9409
191, 3, 16.1231
192, 3, 16.6394
193, 3, 15.8066
194, 3, 16.0354
195, 3, 15.9420
196, 3, 15.6760
197, 3, 15.7480
198, 3, 15.5879
199, 3, 16.1081
200, 3, 17.0145
201, 3, 17.1258
202, 3, 15.9730
203, 3, 15.9300
204, 3, 15.3758
205, 3, 14.8144
206, 3, 14.6559
207, 3, 16.0516
208, 3, 15.8228
209, 3, 15.1182
210, 3, 14.5922
211, 3, 14.7096
212, 3, 14.7032
213, 3, 14.3646
214, 3, 14.3196
215, 3, 16.4227
216, 3, 17.2192
217, 3, 16.5679
218, 3, 15.9044
219, 3, 15.8606
220, 3, 14.7944
221, 3, 15.0842
222, 3, 14.8103
223, 3, 16.4582
224, 3, 16.0486
225, 3, 15.6879
226, 3, 15.6133
227, 3, 14.9497
228, 3, 14.4501
229, 3, 14.3371
230, 3, 13.7972
231, 3, 16.3760
232, 3, 16.6941
233, 3, 16.3193
234, 3, 16.2142
235, 3, 16.1078
236, 3, 15.8958
237, 3, 15.3418
238, 3, 14.7350
239, 3, 16.2884
240, 3, 16.0792
241, 3, 15.6135
242, 3, 15.5177
243, 3, 14.5817
244, 3, 14.4484
245, 3, 13.8561
246, 3, 13.7654
247, 3, 16.3722
248, 3, 16.5272
249, 3, 15.8215
250, 3, 15.1858
1, 4, 11.8652
2, 4, 11.8385
3, 4, 12.0179
4, 4, 12.0472
5, 4, 12.0526
6, 4, 11.9752
7, 4, 16.6373
8, 4, 17.0726
9, 4, 16.3659
10, 4, 16.0689
11, 4, 15.3888
12, 4, 14.8546
13, 4, 14.6901
14, 4, 14.0464
15, 4, 16.5176
16, 4, 16.9219
17, 4, 15.6032
18, 4, 14.8128
19, 4, 13.4872
20, 4, 13.2705
21, 4, 14.0164
22, 4, 13.7903
23, 4, 16.4365
24, 4, 16.4237
25, 4, 16.1572
26, 4, 15.5742
27, 4, 14.9218
28, 4, 14.4534
29, 4, 14.1585
30, 4, 13.9257
31, 4, 16.5402
32, 4, 16.6964
33, 4, 16.1795
34, 4, 14.7801
35, 4, 14.6451
36, 4, 14.4980
37, 4, 13.9245
38, 4, 13.7804
39, 4, 16.4655
40, 4, 15.5948
41, 4, 15.9779
42, 4, 15.4297
43, 4, 15.0896
44, 4, 14.3246
45, 4, 14.0973
46, 4, 13.8895
47, 4, 16.4489
48, 4, 16.0266
49, 4, 15.9850
50, 4, 15.5243
51, 4, 15.1694
52, 4, 14.4596
53, 4, 14.2090
54, 4, 13.6899
55, 4, 16.2579
56, 4, 16.4024
57, 4, 16.1110
58, 4, 14.6723
59, 4, 14.5715
60, 4, 14.2149
61, 4, 13.5527
62, 4, 13.2991
63, 4, 16.4212
64, 4, 15.3106
65, 4, 15.0419
66, 4, 14.9610
67, 4, 14.7850
68, 4, 14.2832
69, 4, 13.2722
70, 4, 13.1459
71, 4, 16.2648
72, 4, 15.6366
73, 4, 15.0894
74, 4, 14.0523
75, 4, 13.4687
76, 4, 13.2456
77, 4, 12.8305
78, 4, 12.5885
79, 4, 16.3382
80, 4, 15.8928
81, 4, 14.7812
82, 4, 13.9441
83, 4, 13.6913
84, 4, 13.2213
85, 4, 13.1353
86, 4, 13.0441
87, 4, 16.2332
88, 4, 16.8193
89, 4, 16.4262
90, 4, 15.8784
91, 4, 13.5294
92, 4, 13.2622
93, 4, 13.2016
94, 4, 12.9984
95, 4, 16.1913
96, 4, 15.4492
97, 4, 15.3811
98, 4, 14.6989
99, 4, 13.8019
100, 4, 13.3585
101, 4, 13.1851
102, 4, 12.7754
103, 4, 16.1329
104, 4, 14.5867
105, 4, 14.7094
106, 4, 13.8724
107, 4, 13.6957
108, 4, 12.4185
109, 4, 12.3061
110, 4, 12.3263
111, 4, 16.2132
112, 4, 15.7898
113, 4, 15.7266
114, 4, 14.6081
115, 4, 13.7825
116, 4, 13.4084
117, 4, 13.3357
118, 4, 12.4441
119, 4, 16.4645
120, 4, 15.7703
121, 4, 14.9016
122, 4, 14.5546
123, 4, 14.0913
124, 4, 13.8486
125, 4, 13.4728
126, 4, 13.1810
127, 4, 16.2125
128, 4, 15.8469
129, 4, 15.4566
130, 4, 15.3368
131, 4, 14.4051
132, 4, 14.1150
133, 4, 13.4346
134, 4, 13.0407
135, 4, 16.2347
136, 4, 14.9415
137, 4, 14.3603
138, 4, 13.0542
139, 4, 12.4013
140, 4, 12.2154
141, 4, 12.0244
142, 4, 11.6442
143, 4, 16.1501
144, 4, 15.8848
145, 4, 15.8650
146, 4, 15.5109
147, 4, 15.4240
148, 4, 15.0201
149, 4, 14.5484
150, 4, 14.2236
151, 4, 16.2112
152, 4, 17.0441
153, 4, 16.1575
154, 4, 15.8854
155, 4, 15.1563
156, 4, 14.7325
157, 4, 14.9096
158, 4, 14.4935
159, 4, 16.3314
160, 4, 16.0113
161, 4, 15.8937
162, 4, 14.9281
163, 4, 14.4568
164, 4, 13.9601
165, 4, 14.0143
166, 4, 13.7692
167, 4, 16.1571
168, 4, 15.8931
169, 4, 14.9717
170, 4, 14.6187
171, 4, 13.9446
172, 4, 13.4925
173, 4, 12.9344
174, 4, 12.2585
175, 4, 16.2040
176, 4, 15.4056
177, 4, 14.6288
178, 4, 13.0868
179, 4, 12.2352
180, 4, 11.5718
181, 4, 11.0573
182, 4, 10.5819
183, 4, 16.1275
184, 4, 15.5071
185, 4, 14.0312
186, 4, 13.1667
187, 4, 12.3034
188, 4, 11.9466
189, 4, 11.3658
190, 4, 10.8447
191, 4, 16.1231
192, 4, 15.7556
193, 4, 14.0580
194, 4, 13.4169
195, 4, 12.7000
196, 4, 11.8895
197, 4, 11.3029
198, 4, 10.7440
199, 4, 16.1081
200, 4, 15.7779
201, 4, 15.0225
202, 4, 13.3075
203, 4, 13.0510
204, 4, 12.1385
205, 4, 11.3311
206, 4, 10.8249
207, 4, 16.0516
208, 4, 15.0305
209, 4, 13.7278
210, 4, 12.6132
211, 4, 12.0470
212, 4, 11.6115
213, 4, 10.9361
214, 4, 11.0008
215, 4, 16.4227
216, 4, 16.6243
217, 4, 14.5383
218, 4, 13.5811
219, 4, 12.7337
220, 4, 12.2132
221, 4, 11.7205
222, 4, 11.0217
223, 4, 16.4582
224, 4, 15.2335
225, 4, 14.5312
226, 4, 13.7227
227, 4, 12.8143
228, 4, 12.2835
229, 4, 11.9469
230, 4, 11.1625
231, 4, 16.3760
232, 4, 15.5786
233, 4, 14.0125
234, 4, 13.0542
235, 4, 12.3688
236, 4, 11.8537
237, 4, 11.4656
238, 4, 10.7813
239, 4, 16.2884
240, 4, 16.0012
241, 4, 14.5702
242, 4, 13.8341
243, 4, 12.4880
244, 4, 12.3558
245, 4, 11.5829
246, 4, 11.1004
247, 4, 16.3722
248, 4, 15.8539
249, 4, 14.5938
250, 4, 13.3287
1, 5, 10.9956
2, 5, 10.6071
3, 5, 10.4929
4, 5, 10.2377
5, 5, 10.0815
6, 5, 9.8208
7, 5, 16.6373
8, 5, 16.7612
9, 5, 15.5134
10, 5, 14.4870
11, 5, 13.4488
12, 5, 12.6008
13, 5, 12.0355
14, 5, 11.8746
15, 5, 16.5176
16, 5, 16.5732
17, 5, 15.1183
18, 5, 14.1681
19, 5, 12.8534
20, 5, 12.2611
21, 5, 11.8545
22, 5, 11.2702
23, 5, 16.4365
24, 5, 16.0738
25, 5, 15.2414
26, 5, 14.0244
27, 5, 13.0427
28, 5, 12.3162
29, 5, 11.7504
30, 5, 11.2792
31, 5, 16.5402
32, 5, 16.5938
33, 5, 15.5943
34, 5, 13.9075
35, 5, 13.1885
36, 5, 12.7095
37, 5, 12.0485
38, 5, 11.5753
39, 5, 16.4655
40, 5, 15.2431
41, 5, 15.2174
42, 5, 14.2766
43, 5, 13.8655
44, 5, 12.8301
45, 5, 12.2093
46, 5, 11.7078
47, 5, 16.4489
48, 5, 15.5870
49, 5, 15.2053
50, 5, 14.1110
51, 5, 13.2175
52, 5, 12.2447
53, 5, 11.7762
54, 5, 11.3527
55, 5, 16.2579
56, 5, 16.3191
57, 5, 15.4354
58, 5, 13.6008
59, 5, 13.2906
60, 5, 12.5007
61, 5, 11.5669
62, 5, 11.4122
63, 5, 16.4212
64, 5, 14.9002
65, 5, 14.2190
66, 5, 13.6819
67, 5, 12.9140
68, 5, 12.1763
69, 5, 11.1162
70, 5, 10.7522
71, 5, 16.2648
72, 5, 15.5911
73, 5, 14.7180
74, 5, 13.5197
75, 5, 12.6423
76, 5, 12.0223
77, 5, 11.5196
78, 5, 11.0974
79, 5, 16.3382
80, 5, 15.5078
81, 5, 14.0739
82, 5, 12.7355
83, 5, 12.0854
84, 5, 11.4983
85, 5, 11.0202
86, 5, 10.6554
87, 5, 16.2332
88, 5, 16.4982
89, 5, 15.5143
90, 5, 14.4454
91, 5, 12.0610
92, 5, 12.4717
93, 5, 12.7965
94, 5, 13.2516
95, 5, 16.1913
96, 5, 15.9425
97, 5, 15.7925
98, 5, 15.0879
99, 5, 14.0212
100, 5, 13.4290
101, 5, 12.9721
102, 5, 12.3167
103, 5, 16.1329
104, 5, 14.3211
105, 5, 13.9046
106, 5, 12.8207
107, 5, 13.5922
108, 5, 13.2968
109, 5, 13.7427
110, 5, 13.9474
111, 5, 16.2132
112, 5, 16.1098
113, 5, 16.4246
114, 5, 15.2261
115, 5, 14.5386
116, 5, 13.9737
117, 5, 13.3824
118, 5, 11.9243
119, 5, 16.4645
120, 5, 15.9883
121, 5, 14.6631
122, 5, 14.1545
123, 5, 13.3437
124, 5, 12.7606
125, 5, 12.5705
126, 5, 12.5142
127, 5, 16.2125
128, 5, 15.5011
129, 5, 14.7920
130, 5, 14.6014
131, 5, 13.9876
132, 5, 13.6335
133, 5, 13.6484
134, 5, 13.4629
135, 5, 16.2347
136, 5, 15.3303
137, 5, 14.9846
138, 5, 13.9417
139, 5, 13.1871
140, 5, 12.3726
141, 5, 12.6256
142, 5, 12.5981
143, 5, 16.1501
144, 5, 15.4389
145, 5, 15.3880
146, 5, 14.8833
147, 5, 14.7632
148, 5, 14.4392
149, 5, 14.3773
150, 5, 14.0374
151, 5, 16.2112
152, 5, 16.7720
153, 5, 16.0603
154, 5, 15.6130
155, 5, 14.9692
156, 5, 14.9318
157, 5, 14.9851
158, 5, 14.6043
159, 5, 16.3314
160, 5, 16.1168
161, 5, 15.9824
162, 5, 15.3546
163, 5, 14.9399
164, 5, 14.5287
165, 5, 14.2485
166, 5, 13.9675
167, 5, 16.1571
168, 5, 15.9841
169, 5, 15.0693
170, 5, 14.8483
171, 5, 14.5055
172, 5, 14.5312
173, 5, 14.2340
174, 5, 13.7601
175, 5, 16.2040
176, 5, 15.7980
177, 5, 15.7345
178, 5, 14.4690
179, 5, 14.2471
180, 5, 14.2147
181, 5, 14.3096
182, 5, 14.1412
183, 5, 16.1275
184, 5, 16.1873
185, 5, 15.3028
186, 5, 14.8610
187, 5, 14.3339
188, 5, 13.9831
189, 5, 13.3353
190, 5, 12.7030
191, 5, 16.1231
192, 5, 15.8714
193, 5, 14.3036
194, 5, 13.8207
195, 5, 13.4714
196, 5, 13.1375
197, 5, 13.0341
198, 5, 12.6311
199, 5, 16.1081
200, 5, 15.8593
201, 5, 15.5433
202, 5, 14.4676
203, 5, 14.7208
204, 5, 14.3462
205, 5, 14.1844
206, 5, 13.8731
207, 5, 16.0516
208, 5, 15.6220
209, 5, 15.0807
210, 5, 14.3387
211, 5, 14.5583
212, 5, 14.4792
213, 5, 14.2012
214, 5, 14.1748
215, 5, 16.4227
216, 5, 17.3022
217, 5, 16.1548
218, 5, 15.3279
219, 5, 15.4748
220, 5, 15.3553
221, 5, 15.4161
222, 5, 14.8120
223, 5, 16.4582
224, 5, 15.6037
225, 5, 15.4766
226, 5, 15.2604
227, 5, 14.8863
228, 5, 14.6774
229, 5, 14.2424
230, 5, 13.6707
231, 5, 16.3760
232, 5, 16.0899
233, 5, 15.0108
234, 5, 14.7828
235, 5, 14.4829
236, 5, 14.6418
237, 5, 14.5140
238, 5, 14.1484
239, 5, 16.2884
240, 5, 16.5694
241, 5, 15.7199
242, 5, 15.7385
243, 5, 14.7426
244, 5, 14.6085
245, 5, 14.1309
246, 5, 13.8119
247, 5, 16.3722
248, 5, 16.3354
249, 5, 15.6843
250, 5, 15.1518
