679.4217529296875
636.5928955078125
162.22305297851562
139.17576599121094
123.10115051269531
111.30512237548828
65.75106048583984
60.70705032348633
1.9246206283569336
1.8936657905578613
1.8833978176116943
1.8821508884429932
1.8775584697723389
1.8733420372009277
1.8460196256637573
1.8414511680603027
1.8353452682495117
1.7970119714736938
1.7741351127624512
1.7529349327087402
1.742645502090454
1.7391842603683472
1.7141916751861572
1.7094250917434692
1.7061376571655273
1.7013729810714722
1.6993505954742432
1.69837486743927
1.69560968875885
1.6861743927001953
1.6819220781326294
1.6656733751296997
1.6597332954406738
1.658815622329712
1.6546199321746826
1.6365885734558105
1.636272668838501
1.6276099681854248
1.6264972686767578
1.6264424324035645
1.6261835098266602
1.6227716207504272
1.6075700521469116
1.6073920726776123
1.599256157875061
1.5956227779388428
1.5931475162506104
1.5925533771514893
1.5923192501068115
1.587256908416748
1.5845533609390259
1.5796499252319336
1.5742089748382568
1.5675454139709473
1.566975712776184
1.566489815711975
1.561940312385559
1.5618677139282227
1.5611438751220703
1.554819107055664
1.5511904954910278
1.5482732057571411
1.5459771156311035
1.5380136966705322
1.5355350971221924
1.5317857265472412
1.5312817096710205
1.5304028987884521
1.5268898010253906
1.5266059637069702
1.5253016948699951
1.5217409133911133
1.521369218826294
1.5158696174621582
1.5152955055236816
1.5127241611480713
1.506927251815796
1.5028753280639648
1.5020064115524292
1.5004421472549438
1.500280499458313
1.4988272190093994
1.493865728378296
1.4912089109420776
1.480902910232544
1.48024320602417
1.4795081615447998
1.4789657592773438
1.4754058122634888
1.4734752178192139
1.470099687576294
1.4673527479171753
1.4669430255889893
1.4650003910064697
1.4648487567901611
1.460252285003662
1.4576711654663086
1.455111026763916
1.4532277584075928
1.4521205425262451
1.4490718841552734
1.4489848613739014
1.4474462270736694
1.4423474073410034
1.4408233165740967
1.439540147781372
1.4351601600646973
1.4321156740188599
1.4307255744934082
1.4172868728637695
1.416191816329956
1.4127533435821533
1.4111011028289795
1.4023816585540771
1.4023003578186035
1.3972548246383667
1.3956072330474854
1.3937578201293945
1.3917171955108643
1.3739986419677734
1.3699531555175781
1.365478515625
1.3407856225967407
1.340301513671875
1.3272597789764404
1.3247177600860596
1.3115348815917969
1.3083012104034424
