23.174213409423828
20.77821159362793
18.69077491760254
16.667800903320312
15.27165412902832
14.5526704788208
14.376794815063477
14.2747802734375
14.245260238647461
14.220846176147461
14.198905944824219
14.188684463500977
14.12525749206543
14.09208869934082
13.999237060546875
13.995206832885742
13.912193298339844
13.91192626953125
13.856013298034668
13.237699508666992
1.2058436870574951
1.1978707313537598
1.1849324703216553
1.1751465797424316
1.1714158058166504
1.1713645458221436
1.1608378887176514
1.1458204984664917
1.1414821147918701
1.1404364109039307
1.1370571851730347
1.1314482688903809
1.1270780563354492
1.1253864765167236
1.1253631114959717
1.125163197517395
1.123979926109314
1.1216046810150146
1.114090919494629
1.1140681505203247
1.1129906177520752
1.1129064559936523
1.110408067703247
1.1095786094665527
1.1091468334197998
1.1088149547576904
1.1087443828582764
1.1057326793670654
1.103752851486206
1.1031513214111328
1.1016547679901123
1.1015348434448242
1.1004116535186768
1.098696231842041
1.0981650352478027
1.0976332426071167
1.0975391864776611
1.0973975658416748
1.0961308479309082
1.095561146736145
1.0947901010513306
1.094541311264038
1.0943653583526611
1.092785120010376
1.091681718826294
1.09153151512146
1.0906639099121094
1.0902847051620483
1.0900946855545044
1.0896515846252441
1.0891199111938477
1.0877519845962524
1.0874669551849365
1.0871567726135254
1.0871036052703857
1.0864923000335693
1.085715651512146
1.084723949432373
1.084513545036316
1.0843998193740845
1.0833303928375244
1.0820260047912598
1.081796646118164
1.0805351734161377
1.0791336297988892
1.0790996551513672
1.07840895652771
1.0779597759246826
1.0774626731872559
1.0769450664520264
1.074316382408142
1.0723395347595215
1.068300485610962
1.067000150680542
1.0596648454666138
1.0541796684265137
