728.190185546875
693.5921630859375
177.30685424804688
167.3638916015625
156.8223419189453
104.27790832519531
71.51001739501953
69.2007827758789
2.2612249851226807
2.1437065601348877
2.0839638710021973
2.068098306655884
1.9715265035629272
1.9607458114624023
1.9463728666305542
1.8995487689971924
1.8951045274734497
1.894498348236084
1.8870078325271606
1.882988452911377
1.8720983266830444
1.8704663515090942
1.8622071743011475
1.8504383563995361
1.8504233360290527
1.846684217453003
1.843893051147461
1.8303883075714111
1.8141025304794312
1.802775263786316
1.800527572631836
1.7980272769927979
1.7847005128860474
1.7789278030395508
1.777309536933899
1.7739078998565674
1.7705975770950317
1.7565431594848633
1.7435253858566284
1.732391119003296
1.7296801805496216
1.7292554378509521
1.6952617168426514
1.6941816806793213
1.685463786125183
1.6716463565826416
1.668954610824585
1.652387022972107
1.6522672176361084
1.6518020629882812
1.6515629291534424
1.6427404880523682
1.639473557472229
1.6343615055084229
1.634200930595398
1.6306767463684082
1.6301040649414062
1.6247563362121582
1.6180458068847656
1.6164331436157227
1.6129741668701172
1.6110899448394775
1.6098744869232178
1.6048049926757812
1.603205680847168
1.5953010320663452
1.5946518182754517
1.5939505100250244
1.593893051147461
1.5908170938491821
1.5906744003295898
1.5892722606658936
1.5826456546783447
1.5802967548370361
1.5769567489624023
1.5768733024597168
1.5750305652618408
1.5720317363739014
1.5641499757766724
1.5586557388305664
1.558394193649292
1.5572539567947388
1.555384635925293
1.5531692504882812
1.5449998378753662
1.5382403135299683
1.527604579925537
1.5210540294647217
1.5166609287261963
1.5164295434951782
1.5132713317871094
1.506372332572937
1.5051794052124023
1.4997150897979736
1.499572515487671
1.499272108078003
1.4990489482879639
1.4984995126724243
1.4962968826293945
1.494274616241455
1.493820071220398
1.4810245037078857
1.4791208505630493
1.4751733541488647
1.4718506336212158
1.4630826711654663
1.4623477458953857
1.457511067390442
1.4484299421310425
1.4473793506622314
1.4466789960861206
1.4329171180725098
1.431105613708496
1.428863286972046
1.4068970680236816
1.4007562398910522
1.3959378004074097
1.390852689743042
1.3757189512252808
1.373386025428772
1.3662813901901245
1.3632206916809082
1.3388572931289673
1.3381484746932983
1.32932710647583
1.3221125602722168
1.299640417098999
1.2933375835418701
