33.9215087890625
30.349136352539062
28.730587005615234
24.798748016357422
22.021846771240234
21.912353515625
21.848508834838867
21.801490783691406
21.731138229370117
21.697521209716797
21.625715255737305
21.556903839111328
21.52204132080078
21.51397705078125
21.46198844909668
21.381507873535156
21.212398529052734
21.05154037475586
20.64541244506836
20.263721466064453
1.3873547315597534
1.3726893663406372
1.3701821565628052
1.2993426322937012
1.2392628192901611
1.232893466949463
1.2309157848358154
1.181976318359375
1.1802620887756348
1.1795936822891235
1.178180456161499
1.166822910308838
1.1634697914123535
1.16266930103302
1.1606204509735107
1.1570172309875488
1.1568055152893066
1.1560611724853516
1.153393030166626
1.153173565864563
1.1489558219909668
1.1485183238983154
1.1483503580093384
1.147851824760437
1.144888162612915
1.1427160501480103
1.1413006782531738
1.1340744495391846
1.1338658332824707
1.132890224456787
1.1306061744689941
1.1269819736480713
1.1246694326400757
1.1226181983947754
1.121093988418579
1.1204298734664917
1.118955135345459
1.118762493133545
1.118683099746704
1.1177799701690674
1.1169688701629639
1.1155216693878174
1.1146767139434814
1.1136218309402466
1.1125872135162354
1.1114422082901
1.1094694137573242
1.1094142198562622
1.1086595058441162
1.1079394817352295
1.1078838109970093
1.1076319217681885
1.1072602272033691
1.1069931983947754
1.1068572998046875
1.1067495346069336
1.1055400371551514
1.1043219566345215
1.1031264066696167
1.1028081178665161
1.0995380878448486
1.0964643955230713
1.0958757400512695
1.0949712991714478
1.094911813735962
1.0947380065917969
1.0906294584274292
1.0898394584655762
1.0862383842468262
1.0830378532409668
1.0828361511230469
1.0827398300170898
1.0812731981277466
1.0793676376342773
1.078378438949585
1.0774013996124268
