Frame Index, Action Index, SSIM (dB)
1, 0, 16.8027
2, 0, 17.1538
3, 0, 16.7328
4, 0, 15.8906
5, 0, 15.4382
6, 0, 14.8660
7, 0, 16.6373
8, 0, 17.1864
9, 0, 16.5515
10, 0, 16.0400
11, 0, 15.3860
12, 0, 14.7177
13, 0, 14.2553
14, 0, 13.8453
15, 0, 16.5176
16, 0, 17.1044
17, 0, 16.4362
18, 0, 16.0106
19, 0, 15.3372
20, 0, 14.7252
21, 0, 14.3300
22, 0, 13.9300
23, 0, 16.4365
24, 0, 16.8090
25, 0, 16.4528
26, 0, 15.7969
27, 0, 15.3521
28, 0, 14.7887
29, 0, 14.1857
30, 0, 13.8689
31, 0, 16.5402
32, 0, 16.8941
33, 0, 16.4007
34, 0, 15.9218
35, 0, 15.3812
36, 0, 14.7676
37, 0, 14.1982
38, 0, 13.8526
39, 0, 16.4655
40, 0, 16.6061
41, 0, 16.5195
42, 0, 15.9144
43, 0, 15.3753
44, 0, 14.7212
45, 0, 14.1876
46, 0, 13.8335
47, 0, 16.4489
48, 0, 16.7671
49, 0, 16.4119
50, 0, 15.8862
51, 0, 15.4257
52, 0, 14.7568
53, 0, 14.2377
54, 0, 13.8793
55, 0, 16.2579
56, 0, 16.8379
57, 0, 16.3856
58, 0, 15.7782
59, 0, 15.3144
60, 0, 14.5534
61, 0, 14.0632
62, 0, 13.8926
63, 0, 16.4212
64, 0, 16.5829
65, 0, 16.2249
66, 0, 15.8355
67, 0, 15.2864
68, 0, 14.6647
69, 0, 14.1634
70, 0, 13.8136
71, 0, 16.2648
72, 0, 16.7473
73, 0, 16.3121
74, 0, 15.7053
75, 0, 15.1757
76, 0, 14.7116
77, 0, 14.1527
78, 0, 13.7196
79, 0, 16.3382
80, 0, 16.6612
81, 0, 16.1317
82, 0, 15.6442
83, 0, 15.1118
84, 0, 14.5849
85, 0, 14.1197
86, 0, 13.7262
87, 0, 16.2332
88, 0, 16.8366
89, 0, 16.4059
90, 0, 15.8754
91, 0, 15.2423
92, 0, 14.7044
93, 0, 14.3138
94, 0, 13.7115
95, 0, 16.1913
96, 0, 16.5990
97, 0, 16.1920
98, 0, 15.7603
99, 0, 15.1452
100, 0, 14.5042
101, 0, 14.0318
102, 0, 13.6481
103, 0, 16.1329
104, 0, 16.4172
105, 0, 16.1974
106, 0, 15.5982
107, 0, 15.0752
108, 0, 14.5840
109, 0, 14.1684
110, 0, 13.7267
111, 0, 16.2132
112, 0, 16.7593
113, 0, 16.3692
114, 0, 15.6258
115, 0, 15.1646
116, 0, 14.6803
117, 0, 14.1564
118, 0, 13.5700
119, 0, 16.4645
120, 0, 16.6874
121, 0, 16.2579
122, 0, 15.6796
123, 0, 15.0357
124, 0, 14.5158
125, 0, 14.0714
126, 0, 13.7102
127, 0, 16.2125
128, 0, 16.5580
129, 0, 16.1617
130, 0, 15.7527
131, 0, 15.1277
132, 0, 14.5322
133, 0, 14.0085
134, 0, 13.7680
135, 0, 16.2347
136, 0, 16.2960
137, 0, 16.0503
138, 0, 15.4990
139, 0, 15.0486
140, 0, 14.5271
141, 0, 14.0516
142, 0, 13.6353
143, 0, 16.1501
144, 0, 16.5035
145, 0, 16.1736
146, 0, 15.6739
147, 0, 15.0569
148, 0, 14.5354
149, 0, 14.0476
150, 0, 13.6784
151, 0, 16.2112
152, 0, 16.7694
153, 0, 16.3782
154, 0, 15.8657
155, 0, 15.0204
156, 0, 14.7025
157, 0, 14.2039
158, 0, 13.7170
159, 0, 16.3314
160, 0, 16.6140
161, 0, 16.2814
162, 0, 15.6600
163, 0, 15.2036
164, 0, 14.6069
165, 0, 14.0322
166, 0, 13.6787
167, 0, 16.1571
168, 0, 16.5534
169, 0, 16.0215
170, 0, 15.5594
171, 0, 15.0201
172, 0, 14.4253
173, 0, 14.1356
174, 0, 13.6525
175, 0, 16.2040
176, 0, 16.4907
177, 0, 16.0296
178, 0, 15.6712
179, 0, 15.0231
180, 0, 14.5245
181, 0, 14.0677
182, 0, 13.6473
183, 0, 16.1275
184, 0, 16.5274
185, 0, 16.0365
186, 0, 15.6758
187, 0, 15.0701
188, 0, 14.5854
189, 0, 14.0165
190, 0, 13.7017
191, 0, 16.1231
192, 0, 16.5656
193, 0, 16.0881
194, 0, 15.7424
195, 0, 15.2650
196, 0, 14.6465
197, 0, 14.0184
198, 0, 13.7008
199, 0, 16.1081
200, 0, 16.6287
201, 0, 16.2038
202, 0, 15.5777
203, 0, 15.0797
204, 0, 14.5009
205, 0, 14.0326
206, 0, 13.6165
207, 0, 16.0516
208, 0, 16.2647
209, 0, 15.6388
210, 0, 15.4058
211, 0, 14.9535
212, 0, 14.4364
213, 0, 14.0700
214, 0, 13.6509
215, 0, 16.4227
216, 0, 17.0165
217, 0, 16.5523
218, 0, 15.8325
219, 0, 15.2675
220, 0, 14.6740
221, 0, 14.2674
222, 0, 13.8083
223, 0, 16.4582
224, 0, 16.5155
225, 0, 16.2042
226, 0, 15.7737
227, 0, 15.2140
228, 0, 14.6755
229, 0, 14.0972
230, 0, 13.7393
231, 0, 16.3760
232, 0, 16.8381
233, 0, 16.2809
234, 0, 15.8218
235, 0, 15.2866
236, 0, 14.6693
237, 0, 14.2779
238, 0, 13.7415
239, 0, 16.2884
240, 0, 16.8433
241, 0, 16.1881
242, 0, 15.7823
243, 0, 15.1226
244, 0, 14.5657
245, 0, 14.1230
246, 0, 13.7396
247, 0, 16.3722
248, 0, 16.8283
249, 0, 16.2350
250, 0, 15.7423
1, 1, 15.1586
2, 1, 15.5850
3, 1, 15.3889
4, 1, 14.9573
5, 1, 14.8816
6, 1, 14.6062
7, 1, 16.6373
8, 1, 17.7876
9, 1, 17.3105
10, 1, 16.9816
11, 1, 16.5338
12, 1, 16.0769
13, 1, 15.8034
14, 1, 15.5823
15, 1, 16.5176
16, 1, 17.6107
17, 1, 17.1897
18, 1, 16.9812
19, 1, 16.5167
20, 1, 16.0211
21, 1, 15.8254
22, 1, 15.6218
23, 1, 16.4365
24, 1, 17.4723
25, 1, 17.2861
26, 1, 16.8402
27, 1, 16.6070
28, 1, 16.1876
29, 1, 15.7292
30, 1, 15.6171
31, 1, 16.5402
32, 1, 17.4315
33, 1, 17.1523
34, 1, 16.6372
35, 1, 16.5504
36, 1, 16.1316
37, 1, 15.7378
38, 1, 15.5906
39, 1, 16.4655
40, 1, 17.1405
41, 1, 17.3112
42, 1, 16.9512
43, 1, 16.6238
44, 1, 16.0913
45, 1, 15.7723
46, 1, 15.5850
47, 1, 16.4489
48, 1, 17.3004
49, 1, 17.0836
50, 1, 16.8006
51, 1, 16.5471
52, 1, 16.1074
53, 1, 15.8233
54, 1, 15.5251
55, 1, 16.2579
56, 1, 17.3687
57, 1, 17.1140
58, 1, 16.7080
59, 1, 16.4266
60, 1, 16.0545
61, 1, 15.7032
62, 1, 15.5545
63, 1, 16.4212
64, 1, 17.1681
65, 1, 17.0514
66, 1, 16.8258
67, 1, 16.4845
68, 1, 16.0724
69, 1, 15.5767
70, 1, 15.5045
71, 1, 16.2648
72, 1, 17.3432
73, 1, 17.0641
74, 1, 16.6914
75, 1, 16.0664
76, 1, 15.3512
77, 1, 15.2706
78, 1, 15.4349
79, 1, 16.3382
80, 1, 17.2218
81, 1, 16.8833
82, 1, 16.6047
83, 1, 16.3182
84, 1, 15.9308
85, 1, 15.6594
86, 1, 15.4087
87, 1, 16.2332
88, 1, 17.2858
89, 1, 17.0165
90, 1, 16.6754
91, 1, 16.3401
92, 1, 16.0495
93, 1, 15.7997
94, 1, 15.3760
95, 1, 16.1913
96, 1, 17.2000
97, 1, 16.9052
98, 1, 16.6850
99, 1, 16.3504
100, 1, 15.8500
101, 1, 15.5328
102, 1, 15.3286
103, 1, 16.1329
104, 1, 17.0148
105, 1, 16.9847
106, 1, 16.5725
107, 1, 16.2753
108, 1, 15.9413
109, 1, 15.5986
110, 1, 15.4150
111, 1, 16.2132
112, 1, 17.3076
113, 1, 17.0941
114, 1, 16.5777
115, 1, 16.3569
116, 1, 16.0501
117, 1, 15.6248
118, 1, 15.2527
119, 1, 16.4645
120, 1, 17.2353
121, 1, 17.0336
122, 1, 16.6300
123, 1, 16.2082
124, 1, 15.8904
125, 1, 15.6530
126, 1, 15.4697
127, 1, 16.2125
128, 1, 17.1040
129, 1, 16.9354
130, 1, 16.7174
131, 1, 16.3195
132, 1, 15.8917
133, 1, 15.4799
134, 1, 15.4559
135, 1, 16.2347
136, 1, 17.0070
137, 1, 16.8768
138, 1, 16.5072
139, 1, 16.2252
140, 1, 15.9238
141, 1, 15.5872
142, 1, 15.3519
143, 1, 16.1501
144, 1, 17.0764
145, 1, 16.9814
146, 1, 16.6439
147, 1, 16.1956
148, 1, 15.9012
149, 1, 15.5659
150, 1, 15.4048
151, 1, 16.2112
152, 1, 17.2108
153, 1, 17.0728
154, 1, 16.7385
155, 1, 16.1761
156, 1, 16.1125
157, 1, 15.7581
158, 1, 15.4133
159, 1, 16.3314
160, 1, 17.1609
161, 1, 17.0158
162, 1, 16.6307
163, 1, 16.3785
164, 1, 15.9862
165, 1, 15.5241
166, 1, 15.3359
167, 1, 16.1571
168, 1, 17.0988
169, 1, 16.7972
170, 1, 16.5505
171, 1, 16.2270
172, 1, 15.8480
173, 1, 15.6346
174, 1, 15.3690
175, 1, 16.2040
176, 1, 17.1212
177, 1, 16.8264
178, 1, 16.5870
179, 1, 16.1552
180, 1, 15.9322
181, 1, 15.5639
182, 1, 15.3345
183, 1, 16.1275
184, 1, 17.0477
185, 1, 16.8280
186, 1, 16.6408
187, 1, 16.2315
188, 1, 15.9362
189, 1, 15.5189
190, 1, 15.3414
191, 1, 16.1231
192, 1, 17.0327
193, 1, 16.7899
194, 1, 16.6324
195, 1, 16.3917
196, 1, 16.0149
197, 1, 15.5086
198, 1, 15.4222
199, 1, 16.1081
200, 1, 16.9658
201, 1, 16.9058
202, 1, 16.4537
203, 1, 16.1962
204, 1, 15.8383
205, 1, 15.5110
206, 1, 15.2927
207, 1, 16.0516
208, 1, 16.8969
209, 1, 16.5638
210, 1, 16.4826
211, 1, 16.2559
212, 1, 15.8757
213, 1, 15.6356
214, 1, 15.3994
215, 1, 16.4227
216, 1, 17.4613
217, 1, 17.2284
218, 1, 16.7382
219, 1, 16.4382
220, 1, 15.9905
221, 1, 15.7859
222, 1, 15.4731
223, 1, 16.4582
224, 1, 17.1958
225, 1, 17.0742
226, 1, 16.7688
227, 1, 16.3794
228, 1, 16.0716
229, 1, 15.6794
230, 1, 15.4297
231, 1, 16.3760
232, 1, 17.3741
233, 1, 16.9716
234, 1, 16.7824
235, 1, 16.4558
236, 1, 16.0819
237, 1, 15.7415
238, 1, 15.4408
239, 1, 16.2884
240, 1, 17.3591
241, 1, 16.9280
242, 1, 16.6991
243, 1, 16.2641
244, 1, 15.9815
245, 1, 15.6614
246, 1, 15.4175
247, 1, 16.3722
248, 1, 17.3315
249, 1, 16.9756
250, 1, 16.6860
1, 2, 16.2058
2, 2, 16.5937
3, 2, 16.5237
4, 2, 16.0979
5, 2, 16.0061
6, 2, 15.7238
7, 2, 16.6373
8, 2, 18.1584
9, 2, 17.8528
10, 2, 17.5762
11, 2, 17.2126
12, 2, 16.8204
13, 2, 16.7914
14, 2, 16.5171
15, 2, 16.5176
16, 2, 18.0321
17, 2, 17.7502
18, 2, 17.5341
19, 2, 17.2385
20, 2, 16.8224
21, 2, 16.8059
22, 2, 16.5356
23, 2, 16.4365
24, 2, 17.8950
25, 2, 17.8762
26, 2, 17.4340
27, 2, 17.3237
28, 2, 16.9805
29, 2, 16.6947
30, 2, 16.5354
31, 2, 16.5402
32, 2, 17.8975
33, 2, 17.7341
34, 2, 17.3975
35, 2, 17.2263
36, 2, 16.9025
37, 2, 16.6811
38, 2, 16.5357
39, 2, 16.4655
40, 2, 17.5929
41, 2, 17.8736
42, 2, 17.5640
43, 2, 17.3197
44, 2, 16.9411
45, 2, 16.7283
46, 2, 16.5032
47, 2, 16.4489
48, 2, 17.7875
49, 2, 17.4653
50, 2, 17.2034
51, 2, 17.2238
52, 2, 16.9914
53, 2, 16.8037
54, 2, 16.5150
55, 2, 16.2579
56, 2, 17.7751
57, 2, 17.6606
58, 2, 17.3267
59, 2, 17.0983
60, 2, 16.6276
61, 2, 16.1764
62, 2, 16.4321
63, 2, 16.4212
64, 2, 17.6703
65, 2, 17.6860
66, 2, 17.4383
67, 2, 17.1786
68, 2, 16.8283
69, 2, 16.5693
70, 2, 16.4096
71, 2, 16.2648
72, 2, 17.7674
73, 2, 17.6170
74, 2, 17.2926
75, 2, 17.0376
76, 2, 16.8957
77, 2, 16.6368
78, 2, 16.3745
79, 2, 16.3382
80, 2, 17.6630
81, 2, 17.5105
82, 2, 17.2778
83, 2, 17.0303
84, 2, 16.4598
85, 2, 16.5006
86, 2, 16.3062
87, 2, 16.2332
88, 2, 17.5323
89, 2, 17.4759
90, 2, 17.2128
91, 2, 15.2727
92, 2, 15.0265
93, 2, 15.2436
94, 2, 16.1600
95, 2, 16.1913
96, 2, 17.6401
97, 2, 17.4966
98, 2, 17.3129
99, 2, 17.0320
100, 2, 16.6532
101, 2, 16.4609
102, 2, 16.2936
103, 2, 16.1329
104, 2, 17.3613
105, 2, 17.5684
106, 2, 17.1875
107, 2, 16.9850
108, 2, 16.7326
109, 2, 16.5491
110, 2, 16.3085
111, 2, 16.2132
112, 2, 17.7307
113, 2, 17.6952
114, 2, 17.2353
115, 2, 17.0326
116, 2, 16.8212
117, 2, 16.5563
118, 2, 16.2031
119, 2, 16.4645
120, 2, 17.6886
121, 2, 17.6232
122, 2, 17.2911
123, 2, 16.9187
124, 2, 16.7345
125, 2, 16.5842
126, 2, 16.4369
127, 2, 16.2125
128, 2, 17.5576
129, 2, 17.5165
130, 2, 17.3339
131, 2, 17.0245
132, 2, 16.7196
133, 2, 16.5115
134, 2, 16.3948
135, 2, 16.2347
136, 2, 17.4534
137, 2, 17.4929
138, 2, 17.1387
139, 2, 16.9498
140, 2, 16.7583
141, 2, 16.5387
142, 2, 16.2643
143, 2, 16.1501
144, 2, 17.5402
145, 2, 17.5779
146, 2, 17.2666
147, 2, 16.9214
148, 2, 16.7227
149, 2, 16.5526
150, 2, 16.2917
151, 2, 16.2112
152, 2, 17.6021
153, 2, 17.6633
154, 2, 17.3351
155, 2, 16.8493
156, 2, 16.8712
157, 2, 16.6977
158, 2, 16.3133
159, 2, 16.3314
160, 2, 17.6169
161, 2, 17.6037
162, 2, 17.2557
163, 2, 17.0857
164, 2, 16.8029
165, 2, 16.5178
166, 2, 16.3147
167, 2, 16.1571
168, 2, 17.5185
169, 2, 17.4159
170, 2, 17.1853
171, 2, 16.8985
172, 2, 16.6047
173, 2, 16.5590
174, 2, 16.2832
175, 2, 16.2040
176, 2, 17.5516
177, 2, 17.4090
178, 2, 17.1757
179, 2, 16.8567
180, 2, 16.7190
181, 2, 16.4795
182, 2, 16.2234
183, 2, 16.1275
184, 2, 17.4599
185, 2, 17.4276
186, 2, 17.2439
187, 2, 16.9647
188, 2, 16.7076
189, 2, 16.4806
190, 2, 16.2420
191, 2, 16.1231
192, 2, 17.4554
193, 2, 17.4175
194, 2, 17.2053
195, 2, 17.0814
196, 2, 16.8010
197, 2, 16.4560
198, 2, 16.3002
199, 2, 16.1081
200, 2, 17.6019
201, 2, 17.4786
202, 2, 17.0954
203, 2, 16.8995
204, 2, 16.5975
205, 2, 16.4624
206, 2, 16.2572
207, 2, 16.0516
208, 2, 17.3245
209, 2, 17.2075
210, 2, 17.1659
211, 2, 16.9969
212, 2, 16.7230
213, 2, 16.6000
214, 2, 16.3764
215, 2, 16.4227
216, 2, 17.4214
217, 2, 17.1633
218, 2, 17.0459
219, 2, 17.1085
220, 2, 16.8197
221, 2, 16.7359
222, 2, 16.3758
223, 2, 16.4582
224, 2, 17.6593
225, 2, 17.6650
226, 2, 17.3972
227, 2, 17.0895
228, 2, 16.8310
229, 2, 16.5868
230, 2, 16.3600
231, 2, 16.3760
232, 2, 17.7706
233, 2, 17.5546
234, 2, 17.3728
235, 2, 17.1383
236, 2, 16.8473
237, 2, 16.7341
238, 2, 16.3845
239, 2, 16.2884
240, 2, 17.7635
241, 2, 17.4945
242, 2, 17.2886
243, 2, 17.0250
244, 2, 16.7227
245, 2, 16.5716
246, 2, 16.3619
247, 2, 16.3722
248, 2, 17.7284
249, 2, 17.5432
250, 2, 17.2449
1, 3, 16.3732
2, 3, 17.2379
3, 3, 17.1858
4, 3, 16.7021
5, 3, 16.6245
6, 3, 16.2856
7, 3, 16.6373
8, 3, 18.4783
9, 3, 18.2523
10, 3, 17.9605
11, 3, 17.5557
12, 3, 17.1602
13, 3, 17.0904
14, 3, 16.8018
15, 3, 16.5176
16, 3, 18.3429
17, 3, 18.1435
18, 3, 17.9217
19, 3, 17.5432
20, 3, 17.1506
21, 3, 17.1604
22, 3, 16.8964
23, 3, 16.4365
24, 3, 18.1293
25, 3, 18.2306
26, 3, 17.7951
27, 3, 17.6527
28, 3, 17.3177
29, 3, 17.0268
30, 3, 16.8415
31, 3, 16.5402
32, 3, 18.2216
33, 3, 18.0997
34, 3, 17.7697
35, 3, 17.6061
36, 3, 17.2549
37, 3, 16.9999
38, 3, 16.8466
39, 3, 16.4655
40, 3, 17.9263
41, 3, 18.2238
42, 3, 17.9069
43, 3, 17.6807
44, 3, 17.2891
45, 3, 17.0655
46, 3, 16.8216
47, 3, 16.4489
48, 3, 18.1099
49, 3, 18.0643
50, 3, 17.8237
51, 3, 17.5982
52, 3, 17.3209
53, 3, 17.1377
54, 3, 16.7938
55, 3, 16.2579
56, 3, 18.1183
57, 3, 18.0641
58, 3, 17.7007
59, 3, 17.4615
60, 3, 17.2356
61, 3, 16.9726
62, 3, 16.7451
63, 3, 16.4212
64, 3, 17.0460
65, 3, 17.2536
66, 3, 16.6297
67, 3, 17.1638
68, 3, 17.1576
69, 3, 16.9590
70, 3, 16.7458
71, 3, 16.2648
72, 3, 18.0830
73, 3, 18.0078
74, 3, 17.6956
75, 3, 17.2542
76, 3, 16.5395
77, 3, 16.3661
78, 3, 16.3600
79, 3, 16.3382
80, 3, 17.9504
81, 3, 17.8680
82, 3, 17.6026
83, 3, 17.4131
84, 3, 17.0935
85, 3, 16.8852
86, 3, 16.6433
87, 3, 16.2332
88, 3, 18.0359
89, 3, 17.9413
90, 3, 17.5891
91, 3, 17.3014
92, 3, 17.1913
93, 3, 17.0817
94, 3, 16.6279
95, 3, 16.1913
96, 3, 17.9685
97, 3, 17.9088
98, 3, 17.7192
99, 3, 17.1416
100, 3, 16.3989
101, 3, 15.9687
102, 3, 15.8084
103, 3, 16.1329
104, 3, 15.7314
105, 3, 15.9856
106, 3, 16.1157
107, 3, 16.0352
108, 3, 14.5620
109, 3, 14.5633
110, 3, 15.4741
111, 3, 16.2132
112, 3, 17.9978
113, 3, 18.0950
114, 3, 17.2580
115, 3, 16.9019
116, 3, 16.8398
117, 3, 16.8868
118, 3, 14.7742
119, 3, 16.4645
120, 3, 17.4008
121, 3, 17.3632
122, 3, 17.6174
123, 3, 17.3031
124, 3, 17.0841
125, 3, 16.9625
126, 3, 16.7449
127, 3, 16.2125
128, 3, 17.8991
129, 3, 17.9336
130, 3, 17.7329
131, 3, 17.4095
132, 3, 17.1160
133, 3, 16.8672
134, 3, 16.7252
135, 3, 16.2347
136, 3, 17.7926
137, 3, 17.8968
138, 3, 17.5358
139, 3, 17.3636
140, 3, 17.1144
141, 3, 16.8996
142, 3, 16.6055
143, 3, 16.1501
144, 3, 17.8936
145, 3, 18.0024
146, 3, 17.6639
147, 3, 17.3176
148, 3, 17.0624
149, 3, 16.8744
150, 3, 16.6388
151, 3, 16.2112
152, 3, 17.9513
153, 3, 18.0530
154, 3, 17.7380
155, 3, 17.2302
156, 3, 17.2325
157, 3, 17.0395
158, 3, 16.6879
159, 3, 16.3314
160, 3, 17.9522
161, 3, 17.9940
162, 3, 17.6328
163, 3, 17.4484
164, 3, 17.1747
165, 3, 16.8530
166, 3, 16.6192
167, 3, 16.1571
168, 3, 17.8833
169, 3, 17.8132
170, 3, 17.5735
171, 3, 17.2655
172, 3, 16.9751
173, 3, 16.8895
174, 3, 16.6417
175, 3, 16.2040
176, 3, 17.8931
177, 3, 17.8255
178, 3, 17.5772
179, 3, 17.2690
180, 3, 17.0579
181, 3, 16.8255
182, 3, 16.5484
183, 3, 16.1275
184, 3, 17.8284
185, 3, 17.8407
186, 3, 17.6238
187, 3, 17.3280
188, 3, 17.0963
189, 3, 16.8219
190, 3, 16.5799
191, 3, 16.1231
192, 3, 17.8032
193, 3, 17.7853
194, 3, 17.5986
195, 3, 17.4425
196, 3, 17.1241
197, 3, 16.7763
198, 3, 16.6186
199, 3, 16.1081
200, 3, 17.9217
201, 3, 17.8823
202, 3, 17.4835
203, 3, 17.2277
204, 3, 17.0002
205, 3, 16.7906
206, 3, 16.5575
207, 3, 16.0516
208, 3, 17.6729
209, 3, 16.9662
210, 3, 16.9921
211, 3, 17.3058
212, 3, 17.0710
213, 3, 16.9020
214, 3, 16.6750
215, 3, 16.4227
216, 3, 18.1839
217, 3, 18.1946
218, 3, 17.7668
219, 3, 17.5281
220, 3, 17.1394
221, 3, 17.0777
222, 3, 16.6692
223, 3, 16.4582
224, 3, 17.9643
225, 3, 18.1184
226, 3, 17.8119
227, 3, 17.4351
228, 3, 17.2040
229, 3, 16.9399
230, 3, 16.6332
231, 3, 16.3760
232, 3, 16.6241
233, 3, 16.3492
234, 3, 16.5581
235, 3, 17.3215
236, 3, 17.1794
237, 3, 17.0083
238, 3, 16.6854
239, 3, 16.2884
240, 3, 18.0974
241, 3, 17.8815
242, 3, 17.6862
243, 3, 17.3613
244, 3, 17.0973
245, 3, 16.9325
246, 3, 16.6662
247, 3, 16.3722
248, 3, 18.0546
249, 3, 17.9077
250, 3, 17.5964
1, 4, 14.1789
2, 4, 16.7560
3, 4, 17.2537
4, 4, 16.9094
5, 4, 16.8224
6, 4, 16.4454
7, 4, 16.6373
8, 4, 18.8288
9, 4, 18.6085
10, 4, 18.3706
11, 4, 17.9795
12, 4, 17.5599
13, 4, 17.3670
14, 4, 17.0946
15, 4, 16.5176
16, 4, 18.7336
17, 4, 18.5025
18, 4, 18.3432
19, 4, 17.9254
20, 4, 17.4274
21, 4, 17.3286
22, 4, 17.1060
23, 4, 16.4365
24, 4, 18.5402
25, 4, 18.6470
26, 4, 18.2295
27, 4, 18.0522
28, 4, 17.6649
29, 4, 17.2064
30, 4, 17.1478
31, 4, 16.5402
32, 4, 18.5854
33, 4, 18.5313
34, 4, 17.9735
35, 4, 17.9224
36, 4, 17.5874
37, 4, 17.0970
38, 4, 16.9493
39, 4, 16.4655
40, 4, 16.8565
41, 4, 18.0057
42, 4, 18.1548
43, 4, 17.9834
44, 4, 17.5311
45, 4, 17.2412
46, 4, 16.9671
47, 4, 16.4489
48, 4, 18.4086
49, 4, 18.2951
50, 4, 18.1509
51, 4, 17.9984
52, 4, 17.6147
53, 4, 17.3623
54, 4, 16.9903
55, 4, 16.2579
56, 4, 18.4626
57, 4, 18.4292
58, 4, 18.0309
59, 4, 17.6691
60, 4, 17.2809
61, 4, 17.1959
62, 4, 16.8690
63, 4, 16.4212
64, 4, 17.7014
65, 4, 18.3079
66, 4, 18.0880
67, 4, 17.8984
68, 4, 17.5959
69, 4, 17.2110
70, 4, 17.0417
71, 4, 16.2648
72, 4, 18.2153
73, 4, 18.3417
74, 4, 18.1079
75, 4, 17.8314
76, 4, 17.5473
77, 4, 17.2424
78, 4, 16.7595
79, 4, 16.3382
80, 4, 16.9978
81, 4, 16.2501
82, 4, 15.2900
83, 4, 15.6471
84, 4, 15.7843
85, 4, 16.4051
86, 4, 16.5315
87, 4, 16.2332
88, 4, 17.7968
89, 4, 17.9370
90, 4, 17.7034
91, 4, 15.5147
92, 4, 15.2741
93, 4, 15.4235
94, 4, 15.4513
95, 4, 16.1913
96, 4, 17.1218
97, 4, 17.7091
98, 4, 17.7591
99, 4, 17.3794
100, 4, 17.1371
101, 4, 16.9091
102, 4, 16.9672
103, 4, 16.1329
104, 4, 17.9409
105, 4, 18.3308
106, 4, 18.0355
107, 4, 17.7983
108, 4, 17.3431
109, 4, 17.1142
110, 4, 17.0144
111, 4, 16.2132
112, 4, 18.1615
113, 4, 18.4362
114, 4, 17.6024
115, 4, 16.4464
116, 4, 16.1251
117, 4, 16.1310
118, 4, 14.0438
119, 4, 16.4645
120, 4, 16.4458
121, 4, 15.8291
122, 4, 16.0792
123, 4, 15.1946
124, 4, 14.3120
125, 4, 14.0282
126, 4, 14.7228
127, 4, 16.2125
128, 4, 17.2297
129, 4, 17.1092
130, 4, 17.1773
131, 4, 16.6251
132, 4, 16.4206
133, 4, 16.0943
134, 4, 15.8679
135, 4, 16.2347
136, 4, 16.2739
137, 4, 16.8811
138, 4, 17.8680
139, 4, 17.7732
140, 4, 17.4896
141, 4, 17.1782
142, 4, 16.9988
143, 4, 16.1501
144, 4, 18.1805
145, 4, 18.3340
146, 4, 18.0285
147, 4, 17.6715
148, 4, 17.4172
149, 4, 17.1348
150, 4, 16.8692
151, 4, 16.2112
152, 4, 18.3649
153, 4, 18.2929
154, 4, 18.1780
155, 4, 17.6592
156, 4, 17.4949
157, 4, 17.2963
158, 4, 16.9912
159, 4, 16.3314
160, 4, 18.3602
161, 4, 18.4081
162, 4, 18.0501
163, 4, 17.8730
164, 4, 17.5049
165, 4, 17.0993
166, 4, 16.9708
167, 4, 16.1571
168, 4, 18.3420
169, 4, 18.1850
170, 4, 17.9226
171, 4, 17.6788
172, 4, 17.3456
173, 4, 17.0549
174, 4, 16.9933
175, 4, 16.2040
176, 4, 18.2499
177, 4, 18.2512
178, 4, 17.7480
179, 4, 17.6307
180, 4, 17.3840
181, 4, 17.0475
182, 4, 16.8402
183, 4, 16.1275
184, 4, 18.2288
185, 4, 18.2273
186, 4, 18.0110
187, 4, 17.7498
188, 4, 17.3204
189, 4, 17.0628
190, 4, 16.9237
191, 4, 16.1231
192, 4, 18.2182
193, 4, 18.1464
194, 4, 17.9219
195, 4, 17.7858
196, 4, 17.4443
197, 4, 17.0368
198, 4, 16.9399
199, 4, 16.1081
200, 4, 18.0313
201, 4, 18.2295
202, 4, 17.7905
203, 4, 17.5191
204, 4, 17.2962
205, 4, 17.0524
206, 4, 16.8935
207, 4, 16.0516
208, 4, 17.3943
209, 4, 17.3000
210, 4, 17.7315
211, 4, 17.7475
212, 4, 17.4404
213, 4, 16.9843
214, 4, 16.9721
215, 4, 16.4227
216, 4, 18.4788
217, 4, 18.3292
218, 4, 18.0517
219, 4, 17.8638
220, 4, 17.4823
221, 4, 17.3396
222, 4, 16.8681
223, 4, 16.4582
224, 4, 17.5318
225, 4, 17.1146
226, 4, 17.3777
227, 4, 17.1184
228, 4, 17.4106
229, 4, 17.1714
230, 4, 16.9718
231, 4, 16.3760
232, 4, 18.2396
233, 4, 18.0789
234, 4, 18.0683
235, 4, 17.8439
236, 4, 17.5317
237, 4, 17.2301
238, 4, 16.9894
239, 4, 16.2884
240, 4, 18.4346
241, 4, 18.2397
242, 4, 18.0994
243, 4, 17.7321
244, 4, 17.3720
245, 4, 17.1336
246, 4, 16.9876
247, 4, 16.3722
248, 4, 16.5189
249, 4, 16.2624
250, 4, 15.7522
1, 5, 13.0331
2, 5, 14.3067
3, 5, 15.3561
4, 5, 15.5536
5, 5, 16.2304
6, 5, 16.4672
7, 5, 16.6373
8, 5, 17.9722
9, 5, 18.2434
10, 5, 18.6270
11, 5, 18.5113
12, 5, 18.2557
13, 5, 18.2485
14, 5, 17.9005
15, 5, 16.5176
16, 5, 18.7584
17, 5, 18.9732
18, 5, 18.8403
19, 5, 18.3069
20, 5, 17.7316
21, 5, 18.0655
22, 5, 17.8604
23, 5, 16.4365
24, 5, 18.2625
25, 5, 19.0897
26, 5, 18.7136
27, 5, 18.6111
28, 5, 18.3762
29, 5, 18.0164
30, 5, 17.9255
31, 5, 16.5402
32, 5, 18.8365
33, 5, 19.0448
34, 5, 18.4720
35, 5, 18.4583
36, 5, 18.2298
37, 5, 18.0377
38, 5, 17.9216
39, 5, 16.4655
40, 5, 18.4843
41, 5, 18.9888
42, 5, 18.6983
43, 5, 18.5290
44, 5, 18.0908
45, 5, 17.9996
46, 5, 17.9880
47, 5, 16.4489
48, 5, 18.6386
49, 5, 18.8512
50, 5, 18.6058
51, 5, 18.4633
52, 5, 17.8550
53, 5, 17.7936
54, 5, 16.7211
55, 5, 16.2579
56, 5, 17.3493
57, 5, 18.0209
58, 5, 17.7552
59, 5, 17.9068
60, 5, 17.9113
61, 5, 17.3499
62, 5, 16.5606
63, 5, 16.4212
64, 5, 17.3008
65, 5, 18.0595
66, 5, 17.7380
67, 5, 18.2068
68, 5, 18.1853
69, 5, 17.6783
70, 5, 17.8865
71, 5, 16.2648
72, 5, 18.7359
73, 5, 18.8936
74, 5, 18.5984
75, 5, 18.0139
76, 5, 17.4617
77, 5, 17.8503
78, 5, 17.6995
79, 5, 16.3382
80, 5, 17.6983
81, 5, 17.6001
82, 5, 17.1837
83, 5, 17.8426
84, 5, 17.7926
85, 5, 17.9856
86, 5, 17.8584
87, 5, 16.2332
88, 5, 18.1762
89, 5, 18.7196
90, 5, 18.5364
91, 5, 16.7214
92, 5, 17.5015
93, 5, 17.7166
94, 5, 16.9626
95, 5, 16.1913
96, 5, 16.5396
97, 5, 16.5448
98, 5, 15.8148
99, 5, 15.5826
100, 5, 15.7361
101, 5, 15.9289
102, 5, 15.9165
103, 5, 16.1329
104, 5, 15.9525
105, 5, 16.5714
106, 5, 16.2863
107, 5, 16.3821
108, 5, 14.9651
109, 5, 14.9809
110, 5, 15.2835
111, 5, 16.2132
112, 5, 17.0215
113, 5, 17.7903
114, 5, 17.0896
115, 5, 16.8877
116, 5, 17.1865
117, 5, 17.5176
118, 5, 15.4546
119, 5, 16.4645
120, 5, 18.3347
121, 5, 18.1688
122, 5, 18.3885
123, 5, 18.0330
124, 5, 17.8019
125, 5, 17.2851
126, 5, 17.0703
127, 5, 16.2125
128, 5, 17.7328
129, 5, 17.7353
130, 5, 17.9093
131, 5, 16.7066
132, 5, 16.4762
133, 5, 15.8267
134, 5, 15.5571
135, 5, 16.2347
136, 5, 15.6799
137, 5, 15.9576
138, 5, 15.5062
139, 5, 15.0365
140, 5, 14.3093
141, 5, 13.9561
142, 5, 14.7424
143, 5, 16.1501
144, 5, 16.7502
145, 5, 17.1180
146, 5, 16.5977
147, 5, 16.4965
148, 5, 16.0897
149, 5, 16.0127
150, 5, 15.6618
151, 5, 16.2112
152, 5, 17.3146
153, 5, 16.9332
154, 5, 18.1353
155, 5, 18.1366
156, 5, 18.1277
157, 5, 18.0523
158, 5, 17.7495
159, 5, 16.3314
160, 5, 18.7544
161, 5, 19.0011
162, 5, 18.5726
163, 5, 18.4518
164, 5, 18.2575
165, 5, 17.9536
166, 5, 17.7531
167, 5, 16.1571
168, 5, 18.0498
169, 5, 18.6802
170, 5, 18.4710
171, 5, 18.3026
172, 5, 18.1131
173, 5, 17.8767
174, 5, 17.7925
175, 5, 16.2040
176, 5, 18.2696
177, 5, 18.7190
178, 5, 18.1385
179, 5, 17.7966
180, 5, 18.0172
181, 5, 17.8133
182, 5, 17.5844
183, 5, 16.1275
184, 5, 18.2419
185, 5, 18.7130
186, 5, 18.5754
187, 5, 18.3182
188, 5, 17.9599
189, 5, 17.8071
190, 5, 17.6061
191, 5, 16.1231
192, 5, 18.6311
193, 5, 18.6465
194, 5, 18.4679
195, 5, 18.3488
196, 5, 18.1083
197, 5, 17.8415
198, 5, 17.6753
199, 5, 16.1081
200, 5, 18.1112
201, 5, 18.7105
202, 5, 18.2452
203, 5, 18.0665
204, 5, 17.9445
205, 5, 17.8050
206, 5, 17.6212
207, 5, 16.0516
208, 5, 17.4307
209, 5, 17.3253
210, 5, 17.6544
211, 5, 18.1525
212, 5, 18.0938
213, 5, 17.5817
214, 5, 17.5665
215, 5, 16.4227
216, 5, 18.3172
217, 5, 17.8786
218, 5, 17.5685
219, 5, 17.7501
220, 5, 17.3040
221, 5, 17.8154
222, 5, 17.1566
223, 5, 16.4582
224, 5, 17.3284
225, 5, 17.8391
226, 5, 18.3224
227, 5, 18.3014
228, 5, 18.0790
229, 5, 17.8702
230, 5, 17.7560
231, 5, 16.3760
232, 5, 17.6256
233, 5, 17.8886
234, 5, 18.0482
235, 5, 17.7985
236, 5, 17.8815
237, 5, 17.9970
238, 5, 17.7472
239, 5, 16.2884
240, 5, 17.7419
241, 5, 17.3601
242, 5, 17.5001
243, 5, 16.7351
244, 5, 17.2065
245, 5, 17.4690
246, 5, 17.6806
247, 5, 16.3722
248, 5, 18.0120
249, 5, 18.3760
250, 5, 18.2864
