Frame Index, Action Index, SSIM (dB)
1, 0, 16.8027
2, 0, 16.5040
3, 0, 16.5107
4, 0, 15.6130
5, 0, 15.1568
6, 0, 14.1529
7, 0, 13.6945
8, 0, 13.3428
9, 0, 16.4717
10, 0, 17.1459
11, 0, 16.4435
12, 0, 15.8718
13, 0, 15.3928
14, 0, 14.5142
15, 0, 14.0312
16, 0, 13.8168
17, 0, 16.4228
18, 0, 17.0606
19, 0, 16.2500
20, 0, 15.6728
21, 0, 15.2471
22, 0, 14.5944
23, 0, 14.2035
24, 0, 13.9047
25, 0, 16.5465
26, 0, 16.9979
27, 0, 16.4762
28, 0, 15.8266
29, 0, 15.3699
30, 0, 14.8451
31, 0, 14.2051
32, 0, 13.8348
33, 0, 16.4817
34, 0, 16.7966
35, 0, 16.4306
36, 0, 15.9488
37, 0, 15.2930
38, 0, 14.7309
39, 0, 14.3253
40, 0, 13.7196
41, 0, 16.5078
42, 0, 17.0069
43, 0, 16.6137
44, 0, 15.9124
45, 0, 15.3409
46, 0, 14.7871
47, 0, 14.2601
48, 0, 13.7781
49, 0, 16.3726
50, 0, 16.8854
51, 0, 16.5099
52, 0, 15.8807
53, 0, 15.3626
54, 0, 14.7665
55, 0, 14.2248
56, 0, 13.8358
57, 0, 16.3051
58, 0, 16.7538
59, 0, 16.4252
60, 0, 15.8844
61, 0, 15.3648
62, 0, 14.7787
63, 0, 14.3548
64, 0, 13.8564
65, 0, 16.3254
66, 0, 16.7534
67, 0, 16.3595
68, 0, 15.7520
69, 0, 15.2328
70, 0, 14.6618
71, 0, 14.1296
72, 0, 13.5381
73, 0, 16.2885
74, 0, 16.7106
75, 0, 16.0459
76, 0, 15.8247
77, 0, 15.1553
78, 0, 14.2401
79, 0, 13.7530
80, 0, 13.3448
81, 0, 16.2813
82, 0, 16.5726
83, 0, 16.1098
84, 0, 15.6101
85, 0, 15.0859
86, 0, 14.5585
87, 0, 14.1463
88, 0, 13.6554
89, 0, 16.1373
90, 0, 16.8200
91, 0, 14.8450
92, 0, 14.5073
93, 0, 14.3816
94, 0, 13.8303
95, 0, 13.4242
96, 0, 13.0034
97, 0, 16.1959
98, 0, 16.7662
99, 0, 16.2453
100, 0, 15.5976
101, 0, 15.0751
102, 0, 14.5519
103, 0, 14.0231
104, 0, 13.7831
105, 0, 16.2872
106, 0, 16.5671
107, 0, 16.2198
108, 0, 15.6751
109, 0, 15.1467
110, 0, 14.5943
111, 0, 14.1142
112, 0, 13.8226
113, 0, 16.3131
114, 0, 16.4123
115, 0, 16.1497
116, 0, 15.7785
117, 0, 15.1858
118, 0, 13.6935
119, 0, 13.6476
120, 0, 13.2444
121, 0, 16.3969
122, 0, 16.8550
123, 0, 16.1611
124, 0, 15.6440
125, 0, 15.1517
126, 0, 14.5883
127, 0, 14.0865
128, 0, 13.6362
129, 0, 16.3115
130, 0, 16.8555
131, 0, 16.2625
132, 0, 15.7158
133, 0, 15.1007
134, 0, 14.5936
135, 0, 14.1199
136, 0, 13.6668
137, 0, 16.2058
138, 0, 16.4990
139, 0, 16.1231
140, 0, 15.6789
141, 0, 15.1485
142, 0, 14.5179
143, 0, 14.0687
144, 0, 13.7378
145, 0, 16.2616
146, 0, 16.6070
147, 0, 16.0885
148, 0, 15.5512
149, 0, 14.7273
150, 0, 13.7890
151, 0, 13.3542
152, 0, 13.2082
153, 0, 16.3747
154, 0, 16.2598
155, 0, 15.7286
156, 0, 15.7572
157, 0, 15.2520
158, 0, 14.5134
159, 0, 14.1357
160, 0, 13.7513
161, 0, 16.3012
162, 0, 16.6841
163, 0, 16.3184
164, 0, 15.2930
165, 0, 14.7056
166, 0, 13.9648
167, 0, 13.7625
168, 0, 13.3013
169, 0, 16.1701
170, 0, 16.2351
171, 0, 15.6452
172, 0, 15.4482
173, 0, 14.6469
174, 0, 14.2386
175, 0, 13.8425
176, 0, 13.1829
177, 0, 16.1001
178, 0, 15.3235
179, 0, 15.1318
180, 0, 15.3895
181, 0, 14.9720
182, 0, 14.3366
183, 0, 13.8965
184, 0, 13.6219
185, 0, 16.1893
186, 0, 16.4085
187, 0, 16.0851
188, 0, 15.6508
189, 0, 14.8857
190, 0, 14.3533
191, 0, 13.9633
192, 0, 13.4639
193, 0, 16.1516
194, 0, 16.5616
195, 0, 16.2558
196, 0, 15.6614
197, 0, 14.9797
198, 0, 14.4151
199, 0, 13.7879
200, 0, 13.6472
201, 0, 16.1739
202, 0, 16.2078
203, 0, 15.9891
204, 0, 15.5497
205, 0, 14.9941
206, 0, 14.4327
207, 0, 13.9515
208, 0, 13.5703
209, 0, 16.3619
210, 0, 16.5203
211, 0, 16.1615
212, 0, 15.6546
213, 0, 15.1784
214, 0, 14.6506
215, 0, 14.1373
216, 0, 13.6784
217, 0, 16.4783
218, 0, 16.8239
219, 0, 16.3493
220, 0, 15.6727
221, 0, 15.1997
222, 0, 14.6248
223, 0, 14.2989
224, 0, 13.7351
225, 0, 16.4007
226, 0, 16.9739
227, 0, 16.3762
228, 0, 15.8761
229, 0, 15.2547
230, 0, 14.6215
231, 0, 14.1747
232, 0, 13.8879
233, 0, 16.4114
234, 0, 16.9238
235, 0, 16.4364
236, 0, 15.8147
237, 0, 15.2662
238, 0, 14.5772
239, 0, 14.1287
240, 0, 13.7978
241, 0, 16.2146
242, 0, 16.9191
243, 0, 15.5988
244, 0, 15.1270
245, 0, 14.9860
246, 0, 14.4798
247, 0, 14.1614
248, 0, 13.6187
249, 0, 16.2435
250, 0, 16.3408
1, 1, 16.8027
2, 1, 17.4728
3, 1, 17.4691
4, 1, 16.7876
5, 1, 16.6714
6, 1, 16.2928
7, 1, 16.0282
8, 1, 15.7318
9, 1, 16.4717
10, 1, 17.2448
11, 1, 16.9476
12, 1, 16.3732
13, 1, 15.8902
14, 1, 15.1400
15, 1, 14.6884
16, 1, 14.4844
17, 1, 16.4228
18, 1, 17.4410
19, 1, 16.6323
20, 1, 16.4879
21, 1, 16.5774
22, 1, 16.1397
23, 1, 15.7478
24, 1, 15.5790
25, 1, 16.5465
26, 1, 17.5037
27, 1, 17.3177
28, 1, 16.8660
29, 1, 16.5159
30, 1, 16.2184
31, 1, 15.7116
32, 1, 15.4789
33, 1, 16.4817
34, 1, 17.3423
35, 1, 17.2255
36, 1, 16.8525
37, 1, 16.4617
38, 1, 16.1473
39, 1, 15.5141
40, 1, 14.9758
41, 1, 16.5078
42, 1, 17.3041
43, 1, 17.1894
44, 1, 16.5824
45, 1, 16.3724
46, 1, 16.0414
47, 1, 15.7885
48, 1, 15.4681
49, 1, 16.3726
50, 1, 17.4374
51, 1, 17.2213
52, 1, 16.8563
53, 1, 16.5646
54, 1, 15.7121
55, 1, 15.4975
56, 1, 15.5324
57, 1, 16.3051
58, 1, 17.2748
59, 1, 17.1311
60, 1, 16.8153
61, 1, 16.2234
62, 1, 15.8461
63, 1, 15.8509
64, 1, 15.0946
65, 1, 16.3254
66, 1, 17.1516
67, 1, 16.9448
68, 1, 16.4073
69, 1, 15.4638
70, 1, 14.9477
71, 1, 14.2704
72, 1, 13.9831
73, 1, 16.2885
74, 1, 16.5713
75, 1, 15.8152
76, 1, 15.8965
77, 1, 15.9893
78, 1, 15.6195
79, 1, 15.1627
80, 1, 14.8697
81, 1, 16.2813
82, 1, 16.4544
83, 1, 16.7783
84, 1, 16.2914
85, 1, 15.9276
86, 1, 15.5247
87, 1, 14.7441
88, 1, 14.7215
89, 1, 16.1373
90, 1, 17.0220
91, 1, 15.0662
92, 1, 15.1251
93, 1, 15.4562
94, 1, 14.6679
95, 1, 14.5001
96, 1, 14.2951
97, 1, 16.1959
98, 1, 16.0919
99, 1, 15.0211
100, 1, 14.6237
101, 1, 14.7915
102, 1, 14.3841
103, 1, 14.3248
104, 1, 13.9660
105, 1, 16.2872
106, 1, 16.2096
107, 1, 16.1853
108, 1, 15.5920
109, 1, 15.5773
110, 1, 15.2490
111, 1, 14.7156
112, 1, 14.6106
113, 1, 16.3131
114, 1, 15.8716
115, 1, 15.7203
116, 1, 15.9591
117, 1, 15.9273
118, 1, 13.8351
119, 1, 13.9222
120, 1, 13.5193
121, 1, 16.3969
122, 1, 17.0904
123, 1, 16.1549
124, 1, 16.0096
125, 1, 16.0219
126, 1, 15.8733
127, 1, 15.6145
128, 1, 15.2772
129, 1, 16.3115
130, 1, 17.2407
131, 1, 16.6762
132, 1, 16.4907
133, 1, 16.1616
134, 1, 15.6931
135, 1, 15.3321
136, 1, 15.0255
137, 1, 16.2058
138, 1, 16.3998
139, 1, 16.3643
140, 1, 16.2617
141, 1, 15.9949
142, 1, 15.6985
143, 1, 15.0944
144, 1, 15.2221
145, 1, 16.2616
146, 1, 16.9493
147, 1, 16.8710
148, 1, 16.5016
149, 1, 15.8807
150, 1, 15.3800
151, 1, 15.2766
152, 1, 15.3386
153, 1, 16.3747
154, 1, 16.9537
155, 1, 16.4120
156, 1, 16.3574
157, 1, 16.4228
158, 1, 15.9189
159, 1, 15.5303
160, 1, 15.0655
161, 1, 16.3012
162, 1, 16.7665
163, 1, 16.6179
164, 1, 15.7170
165, 1, 15.2134
166, 1, 15.1507
167, 1, 14.9278
168, 1, 14.8573
169, 1, 16.1701
170, 1, 15.6183
171, 1, 15.3906
172, 1, 15.5730
173, 1, 15.6986
174, 1, 15.8218
175, 1, 15.5859
176, 1, 15.3145
177, 1, 16.1001
178, 1, 16.6404
179, 1, 16.3763
180, 1, 15.9515
181, 1, 15.6684
182, 1, 15.3738
183, 1, 14.8162
184, 1, 14.1117
185, 1, 16.1893
186, 1, 16.0187
187, 1, 15.8128
188, 1, 14.9572
189, 1, 15.1099
190, 1, 15.1927
191, 1, 15.2619
192, 1, 15.1941
193, 1, 16.1516
194, 1, 16.5369
195, 1, 16.9186
196, 1, 16.6444
197, 1, 16.1770
198, 1, 15.9454
199, 1, 15.3611
200, 1, 15.3364
201, 1, 16.1739
202, 1, 16.9328
203, 1, 16.7863
204, 1, 16.4976
205, 1, 16.1862
206, 1, 15.8402
207, 1, 15.4632
208, 1, 15.2879
209, 1, 16.3619
210, 1, 16.4226
211, 1, 16.6088
212, 1, 15.9566
213, 1, 15.7187
214, 1, 15.6393
215, 1, 15.1672
216, 1, 15.1430
217, 1, 16.4783
218, 1, 17.2152
219, 1, 16.9581
220, 1, 15.9729
221, 1, 16.4036
222, 1, 16.0059
223, 1, 15.7997
224, 1, 15.2837
225, 1, 16.4007
226, 1, 17.2538
227, 1, 17.0400
228, 1, 16.7997
229, 1, 16.4134
230, 1, 15.9976
231, 1, 15.6456
232, 1, 15.3875
233, 1, 16.4114
234, 1, 17.4177
235, 1, 17.0474
236, 1, 16.7943
237, 1, 16.4209
238, 1, 15.5603
239, 1, 15.1384
240, 1, 15.0029
241, 1, 16.2146
242, 1, 16.8219
243, 1, 15.3280
244, 1, 15.3149
245, 1, 15.0785
246, 1, 14.8706
247, 1, 14.8348
248, 1, 14.8799
249, 1, 16.2435
250, 1, 16.6711
1, 2, 16.8027
2, 2, 17.1736
3, 2, 17.4144
4, 2, 16.5592
5, 2, 16.7606
6, 2, 15.8360
7, 2, 15.5834
8, 2, 15.2264
9, 2, 16.4717
10, 2, 17.2216
11, 2, 16.9051
12, 2, 16.5226
13, 2, 16.3179
14, 2, 15.8134
15, 2, 15.3795
16, 2, 15.2273
17, 2, 16.4228
18, 2, 17.1260
19, 2, 15.2657
20, 2, 15.0573
21, 2, 15.0585
22, 2, 15.3067
23, 2, 15.2874
24, 2, 14.9099
25, 2, 16.5465
26, 2, 17.3318
27, 2, 16.7771
28, 2, 16.4957
29, 2, 16.3194
30, 2, 16.2652
31, 2, 15.6615
32, 2, 15.2887
33, 2, 16.4817
34, 2, 15.7717
35, 2, 16.0221
36, 2, 16.1821
37, 2, 16.1708
38, 2, 15.9441
39, 2, 15.2701
40, 2, 14.8727
41, 2, 16.5078
42, 2, 17.1442
43, 2, 17.2036
44, 2, 16.2231
45, 2, 16.3761
46, 2, 16.4585
47, 2, 16.5059
48, 2, 16.4163
49, 2, 16.3726
50, 2, 17.3135
51, 2, 17.2545
52, 2, 16.5063
53, 2, 16.8343
54, 2, 16.2032
55, 2, 16.1973
56, 2, 15.9713
57, 2, 16.3051
58, 2, 16.5193
59, 2, 16.2367
60, 2, 16.3598
61, 2, 16.0779
62, 2, 15.4909
63, 2, 15.7971
64, 2, 14.8932
65, 2, 16.3254
66, 2, 16.5673
67, 2, 16.9935
68, 2, 17.0241
69, 2, 16.2084
70, 2, 16.0123
71, 2, 15.6556
72, 2, 15.8091
73, 2, 16.2885
74, 2, 16.9975
75, 2, 16.7232
76, 2, 16.6529
77, 2, 16.5878
78, 2, 16.2756
79, 2, 16.1565
80, 2, 15.7292
81, 2, 16.2813
82, 2, 16.4650
83, 2, 16.5186
84, 2, 15.8580
85, 2, 15.6402
86, 2, 15.4100
87, 2, 15.3049
88, 2, 15.1173
89, 2, 16.1373
90, 2, 16.9112
91, 2, 14.3783
92, 2, 14.5048
93, 2, 14.8186
94, 2, 15.0541
95, 2, 15.5990
96, 2, 15.6551
97, 2, 16.1959
98, 2, 17.1310
99, 2, 16.8161
100, 2, 16.2942
101, 2, 15.4052
102, 2, 14.7246
103, 2, 15.0051
104, 2, 14.2122
105, 2, 16.2872
106, 2, 15.8514
107, 2, 15.7192
108, 2, 14.7100
109, 2, 14.5632
110, 2, 14.8455
111, 2, 14.8009
112, 2, 14.9555
113, 2, 16.3131
114, 2, 16.2711
115, 2, 16.0310
116, 2, 16.4327
117, 2, 16.7447
118, 2, 14.3800
119, 2, 15.0906
120, 2, 14.7461
121, 2, 16.3969
122, 2, 17.4273
123, 2, 16.9453
124, 2, 16.5427
125, 2, 16.3988
126, 2, 16.1529
127, 2, 16.3937
128, 2, 16.1823
129, 2, 16.3115
130, 2, 17.3822
131, 2, 16.7081
132, 2, 16.4873
133, 2, 15.7234
134, 2, 15.6531
135, 2, 15.3794
136, 2, 14.7923
137, 2, 16.2058
138, 2, 16.5380
139, 2, 16.5316
140, 2, 16.3377
141, 2, 15.9552
142, 2, 16.1854
143, 2, 16.0301
144, 2, 15.8655
145, 2, 16.2616
146, 2, 16.7186
147, 2, 16.6045
148, 2, 16.5561
149, 2, 16.3497
150, 2, 16.0131
151, 2, 16.0166
152, 2, 16.0520
153, 2, 16.3747
154, 2, 16.8201
155, 2, 16.5261
156, 2, 16.3342
157, 2, 16.6877
158, 2, 15.9890
159, 2, 15.2377
160, 2, 14.8763
161, 2, 16.3012
162, 2, 16.1462
163, 2, 15.5586
164, 2, 14.7793
165, 2, 14.7452
166, 2, 14.5470
167, 2, 14.3967
168, 2, 14.3211
169, 2, 16.1701
170, 2, 16.2994
171, 2, 16.1069
172, 2, 16.1878
173, 2, 16.0007
174, 2, 15.7109
175, 2, 15.6555
176, 2, 15.4352
177, 2, 16.1001
178, 2, 15.5093
179, 2, 14.9791
180, 2, 15.1092
181, 2, 15.1261
182, 2, 14.9653
183, 2, 14.7553
184, 2, 14.3861
185, 2, 16.1893
186, 2, 15.7963
187, 2, 15.8437
188, 2, 15.2082
189, 2, 14.7412
190, 2, 14.0727
191, 2, 13.7638
192, 2, 13.4952
193, 2, 16.1516
194, 2, 15.8767
195, 2, 15.8928
196, 2, 15.6575
197, 2, 15.7251
198, 2, 15.3388
199, 2, 15.0932
200, 2, 15.0410
201, 2, 16.1739
202, 2, 15.7608
203, 2, 15.8991
204, 2, 15.5931
205, 2, 15.1223
206, 2, 14.5795
207, 2, 14.7687
208, 2, 14.7014
209, 2, 16.3619
210, 2, 15.4328
211, 2, 15.6292
212, 2, 15.1414
213, 2, 14.9920
214, 2, 15.1605
215, 2, 14.7062
216, 2, 15.0428
217, 2, 16.4783
218, 2, 17.1723
219, 2, 17.4869
220, 2, 16.3817
221, 2, 16.5590
222, 2, 15.9137
223, 2, 16.0045
224, 2, 15.5271
225, 2, 16.4007
226, 2, 17.3246
227, 2, 17.0092
228, 2, 17.0686
229, 2, 16.5888
230, 2, 15.5372
231, 2, 15.8345
232, 2, 15.7661
233, 2, 16.4114
234, 2, 16.8971
235, 2, 16.5970
236, 2, 16.6643
237, 2, 16.1775
238, 2, 15.8493
239, 2, 16.0169
240, 2, 15.9132
241, 2, 16.2146
242, 2, 17.2753
243, 2, 16.5859
244, 2, 16.5208
245, 2, 16.3839
246, 2, 16.3493
247, 2, 16.1927
248, 2, 15.8129
249, 2, 16.2435
250, 2, 17.0367
1, 3, 16.8027
2, 3, 16.7126
3, 3, 17.0402
4, 3, 15.9937
5, 3, 16.0138
6, 3, 15.3434
7, 3, 15.0328
8, 3, 15.0461
9, 3, 16.4717
10, 3, 17.4106
11, 3, 16.8070
12, 3, 16.0339
13, 3, 15.8372
14, 3, 15.2226
15, 3, 15.2229
16, 3, 15.4721
17, 3, 16.4228
18, 3, 17.5012
19, 3, 16.4882
20, 3, 16.3676
21, 3, 16.3011
22, 3, 15.8773
23, 3, 15.5661
24, 3, 15.1384
25, 3, 16.5465
26, 3, 16.7780
27, 3, 16.0513
28, 3, 15.5016
29, 3, 15.1968
30, 3, 14.9105
31, 3, 14.7630
32, 3, 14.5690
33, 3, 16.4817
34, 3, 16.2659
35, 3, 16.6453
36, 3, 16.5382
37, 3, 16.4986
38, 3, 16.4145
39, 3, 15.8421
40, 3, 15.5248
41, 3, 16.5078
42, 3, 17.2861
43, 3, 17.4896
44, 3, 16.7885
45, 3, 16.7491
46, 3, 16.5362
47, 3, 16.3753
48, 3, 15.8086
49, 3, 16.3726
50, 3, 17.4938
51, 3, 17.3987
52, 3, 16.4452
53, 3, 16.4130
54, 3, 15.4773
55, 3, 15.4455
56, 3, 15.2630
57, 3, 16.3051
58, 3, 16.1939
59, 3, 16.0579
60, 3, 16.1827
61, 3, 15.7131
62, 3, 15.0808
63, 3, 15.6919
64, 3, 15.2520
65, 3, 16.3254
66, 3, 16.4423
67, 3, 16.6371
68, 3, 16.2445
69, 3, 15.7589
70, 3, 15.8331
71, 3, 15.6142
72, 3, 15.7201
73, 3, 16.2885
74, 3, 16.7208
75, 3, 16.3460
76, 3, 16.4130
77, 3, 16.3288
78, 3, 15.9597
79, 3, 15.5223
80, 3, 14.9197
81, 3, 16.2813
82, 3, 15.8449
83, 3, 15.4206
84, 3, 14.3294
85, 3, 14.1306
86, 3, 14.1699
87, 3, 13.8800
88, 3, 13.6983
89, 3, 16.1373
90, 3, 17.0530
91, 3, 15.0850
92, 3, 15.1491
93, 3, 15.4257
94, 3, 15.1076
95, 3, 14.8614
96, 3, 14.7696
97, 3, 16.1959
98, 3, 16.2442
99, 3, 15.3423
100, 3, 14.4012
101, 3, 14.1661
102, 3, 13.7440
103, 3, 13.8224
104, 3, 13.5287
105, 3, 16.2872
106, 3, 16.0789
107, 3, 15.7255
108, 3, 14.5951
109, 3, 14.5874
110, 3, 14.0871
111, 3, 13.2277
112, 3, 12.8298
113, 3, 16.3131
114, 3, 15.9333
115, 3, 15.1243
116, 3, 14.9653
117, 3, 15.0957
118, 3, 13.7580
119, 3, 13.6086
120, 3, 13.3939
121, 3, 16.3969
122, 3, 17.0469
123, 3, 15.9252
124, 3, 15.3730
125, 3, 14.9711
126, 3, 14.5134
127, 3, 14.3459
128, 3, 14.2181
129, 3, 16.3115
130, 3, 16.9654
131, 3, 15.8912
132, 3, 15.5416
133, 3, 14.6072
134, 3, 14.4766
135, 3, 14.2530
136, 3, 13.7180
137, 3, 16.2058
138, 3, 16.4789
139, 3, 16.3892
140, 3, 16.4476
141, 3, 16.0305
142, 3, 15.9022
143, 3, 15.2540
144, 3, 14.8467
145, 3, 16.2616
146, 3, 16.6551
147, 3, 16.5092
148, 3, 16.0267
149, 3, 15.8742
150, 3, 15.2967
151, 3, 14.9779
152, 3, 14.9947
153, 3, 16.3747
154, 3, 16.4918
155, 3, 15.8304
156, 3, 15.4983
157, 3, 15.8927
158, 3, 15.1494
159, 3, 14.7696
160, 3, 14.8396
161, 3, 16.3012
162, 3, 16.4208
163, 3, 16.3444
164, 3, 15.7964
165, 3, 15.7912
166, 3, 15.6214
167, 3, 15.6261
168, 3, 15.1395
169, 3, 16.1701
170, 3, 16.3374
171, 3, 16.3946
172, 3, 16.3825
173, 3, 15.7237
174, 3, 15.5164
175, 3, 15.1076
176, 3, 14.6424
177, 3, 16.1001
178, 3, 15.3260
179, 3, 15.3833
180, 3, 14.9483
181, 3, 15.2325
182, 3, 14.8075
183, 3, 14.1596
184, 3, 13.8153
185, 3, 16.1893
186, 3, 16.4047
187, 3, 16.7600
188, 3, 16.1573
189, 3, 15.8861
190, 3, 15.6788
191, 3, 15.6746
192, 3, 15.3000
193, 3, 16.1516
194, 3, 15.5305
195, 3, 15.6501
196, 3, 15.1398
197, 3, 14.6294
198, 3, 14.2806
199, 3, 13.8479
200, 3, 13.5828
201, 3, 16.1739
202, 3, 15.7250
203, 3, 15.8682
204, 3, 15.6740
205, 3, 15.6649
206, 3, 15.2194
207, 3, 15.2128
208, 3, 14.8663
209, 3, 16.3619
210, 3, 15.8484
211, 3, 16.4580
212, 3, 15.8790
213, 3, 15.5148
214, 3, 15.8108
215, 3, 15.4632
216, 3, 15.5527
217, 3, 16.4783
218, 3, 16.8736
219, 3, 16.9776
220, 3, 16.2498
221, 3, 16.7790
222, 3, 15.8889
223, 3, 15.8871
224, 3, 15.1462
225, 3, 16.4007
226, 3, 17.2036
227, 3, 16.4622
228, 3, 16.4367
229, 3, 16.0285
230, 3, 15.1521
231, 3, 15.3953
232, 3, 15.3645
233, 3, 16.4114
234, 3, 17.0379
235, 3, 16.9531
236, 3, 16.7497
237, 3, 16.2192
238, 3, 15.7054
239, 3, 15.2661
240, 3, 15.4161
241, 3, 16.2146
242, 3, 17.3398
243, 3, 16.5690
244, 3, 16.3224
245, 3, 16.0447
246, 3, 15.9801
247, 3, 15.9996
248, 3, 15.5357
249, 3, 16.2435
250, 3, 16.2745
1, 4, 16.8027
2, 4, 16.4622
3, 4, 16.2614
4, 4, 15.1633
5, 4, 14.6367
6, 4, 13.9974
7, 4, 13.7700
8, 4, 13.5815
9, 4, 16.4717
10, 4, 17.0604
11, 4, 16.6714
12, 4, 16.2711
13, 4, 16.0258
14, 4, 15.3347
15, 4, 15.1338
16, 4, 14.7825
17, 4, 16.4228
18, 4, 17.2947
19, 4, 15.3775
20, 4, 15.0737
21, 4, 14.6774
22, 4, 14.3559
23, 4, 14.0474
24, 4, 13.7817
25, 4, 16.5465
26, 4, 16.8633
27, 4, 16.2294
28, 4, 15.4757
29, 4, 15.0592
30, 4, 14.7732
31, 4, 14.0557
32, 4, 13.2118
33, 4, 16.4817
34, 4, 15.1736
35, 4, 15.3729
36, 4, 15.3561
37, 4, 14.9954
38, 4, 14.7865
39, 4, 14.2142
40, 4, 13.8579
41, 4, 16.5078
42, 4, 16.8842
43, 4, 16.7688
44, 4, 15.6884
45, 4, 15.3831
46, 4, 15.1759
47, 4, 14.7000
48, 4, 13.7252
49, 4, 16.3726
50, 4, 16.9166
51, 4, 16.4984
52, 4, 15.2689
53, 4, 15.0053
54, 4, 14.4078
55, 4, 14.2906
56, 4, 14.0651
57, 4, 16.3051
58, 4, 15.8639
59, 4, 16.2016
60, 4, 16.0468
61, 4, 15.5938
62, 4, 15.1989
63, 4, 15.1861
64, 4, 14.3359
65, 4, 16.3254
66, 4, 15.9614
67, 4, 16.2875
68, 4, 15.9144
69, 4, 15.1217
70, 4, 15.1506
71, 4, 14.6836
72, 4, 14.3890
73, 4, 16.2885
74, 4, 16.4539
75, 4, 15.8318
76, 4, 15.4418
77, 4, 15.2121
78, 4, 14.9255
79, 4, 14.3816
80, 4, 14.0484
81, 4, 16.2813
82, 4, 15.8020
83, 4, 15.5043
84, 4, 14.8987
85, 4, 14.9619
86, 4, 14.9732
87, 4, 14.6727
88, 4, 14.6634
89, 4, 16.1373
90, 4, 16.9699
91, 4, 14.7875
92, 4, 14.9749
93, 4, 15.1924
94, 4, 14.5731
95, 4, 14.3028
96, 4, 13.8623
97, 4, 16.1959
98, 4, 15.9033
99, 4, 14.9417
100, 4, 14.5626
101, 4, 13.7829
102, 4, 13.6126
103, 4, 13.4153
104, 4, 12.7975
105, 4, 16.2872
106, 4, 15.8066
107, 4, 15.8531
108, 4, 15.1522
109, 4, 15.2318
110, 4, 15.0149
111, 4, 14.5185
112, 4, 14.3625
113, 4, 16.3131
114, 4, 15.4518
115, 4, 14.6851
116, 4, 14.5620
117, 4, 14.3242
118, 4, 12.6329
119, 4, 12.3693
120, 4, 12.0525
121, 4, 16.3969
122, 4, 16.6975
123, 4, 15.6000
124, 4, 15.1388
125, 4, 14.7239
126, 4, 14.5962
127, 4, 14.5146
128, 4, 14.2183
129, 4, 16.3115
130, 4, 17.1262
131, 4, 16.0514
132, 4, 16.0218
133, 4, 15.1014
134, 4, 14.9493
135, 4, 14.6844
136, 4, 14.1731
137, 4, 16.2058
138, 4, 16.2382
139, 4, 15.8191
140, 4, 15.6415
141, 4, 15.6388
142, 4, 15.7297
143, 4, 15.0466
144, 4, 14.5234
145, 4, 16.2616
146, 4, 16.0209
147, 4, 15.7895
148, 4, 15.2486
149, 4, 14.8489
150, 4, 14.3800
151, 4, 14.1743
152, 4, 14.1725
153, 4, 16.3747
154, 4, 16.1713
155, 4, 15.7396
156, 4, 15.7259
157, 4, 15.8444
158, 4, 15.0422
159, 4, 14.2699
160, 4, 14.0344
161, 4, 16.3012
162, 4, 16.6082
163, 4, 16.4875
164, 4, 15.8315
165, 4, 15.5985
166, 4, 15.1393
167, 4, 15.0044
168, 4, 14.5944
169, 4, 16.1701
170, 4, 15.8807
171, 4, 15.4628
172, 4, 15.3328
173, 4, 14.7088
174, 4, 14.4211
175, 4, 13.8314
176, 4, 13.0080
177, 4, 16.1001
178, 4, 15.0951
179, 4, 14.4991
180, 4, 14.0771
181, 4, 14.1549
182, 4, 14.0204
183, 4, 13.8701
184, 4, 13.6677
185, 4, 16.1893
186, 4, 16.0594
187, 4, 15.7836
188, 4, 15.0900
189, 4, 14.8237
190, 4, 14.1096
191, 4, 13.8049
192, 4, 13.2562
193, 4, 16.1516
194, 4, 15.3873
195, 4, 15.1946
196, 4, 14.6863
197, 4, 14.2879
198, 4, 14.0763
199, 4, 13.5690
200, 4, 13.3265
201, 4, 16.1739
202, 4, 15.2111
203, 4, 14.7851
204, 4, 13.9279
205, 4, 13.4074
206, 4, 13.4540
207, 4, 13.3943
208, 4, 13.0138
209, 4, 16.3619
210, 4, 15.2632
211, 4, 14.9904
212, 4, 14.7230
213, 4, 13.9949
214, 4, 14.1486
215, 4, 13.8871
216, 4, 13.7666
217, 4, 16.4783
218, 4, 16.2188
219, 4, 15.5806
220, 4, 14.4578
221, 4, 14.7000
222, 4, 14.3736
223, 4, 14.1654
224, 4, 13.5019
225, 4, 16.4007
226, 4, 17.0740
227, 4, 16.0526
228, 4, 15.7007
229, 4, 15.3016
230, 4, 14.6179
231, 4, 14.8014
232, 4, 15.0205
233, 4, 16.4114
234, 4, 16.5732
235, 4, 16.0674
236, 4, 15.7535
237, 4, 15.3625
238, 4, 15.0159
239, 4, 14.5823
240, 4, 14.4113
241, 4, 16.2146
242, 4, 17.0409
243, 4, 15.4381
244, 4, 15.3845
245, 4, 15.0614
246, 4, 14.9354
247, 4, 14.6698
248, 4, 14.2342
249, 4, 16.2435
250, 4, 15.6621
1, 5, 16.8027
2, 5, 16.7236
3, 5, 16.6976
4, 5, 15.5866
5, 5, 15.4702
6, 5, 15.3268
7, 5, 15.2881
8, 5, 15.1518
9, 5, 16.4717
10, 5, 17.2102
11, 5, 16.7607
12, 5, 16.4144
13, 5, 16.4377
14, 5, 15.8162
15, 5, 15.4665
16, 5, 15.2703
17, 5, 16.4228
18, 5, 17.1453
19, 5, 15.2879
20, 5, 14.9639
21, 5, 15.0181
22, 5, 14.6570
23, 5, 14.6844
24, 5, 14.2662
25, 5, 16.5465
26, 5, 16.8666
27, 5, 16.2360
28, 5, 15.9392
29, 5, 15.9418
30, 5, 15.9061
31, 5, 15.4183
32, 5, 15.0433
33, 5, 16.4817
34, 5, 15.5647
35, 5, 15.5929
36, 5, 15.3870
37, 5, 15.0330
38, 5, 14.7143
39, 5, 13.8052
40, 5, 13.4703
41, 5, 16.5078
42, 5, 16.6381
43, 5, 16.1675
44, 5, 15.3824
45, 5, 15.2445
46, 5, 15.3232
47, 5, 15.2872
48, 5, 14.6400
49, 5, 16.3726
50, 5, 16.9553
51, 5, 16.9264
52, 5, 15.8282
53, 5, 16.0409
54, 5, 15.3384
55, 5, 15.1664
56, 5, 15.0794
57, 5, 16.3051
58, 5, 15.8907
59, 5, 16.1406
60, 5, 15.9172
61, 5, 15.4425
62, 5, 15.3334
63, 5, 15.6249
64, 5, 14.8968
65, 5, 16.3254
66, 5, 15.9432
67, 5, 15.8438
68, 5, 15.4772
69, 5, 14.8109
70, 5, 14.8072
71, 5, 14.4422
72, 5, 14.4190
73, 5, 16.2885
74, 5, 16.4193
75, 5, 15.6714
76, 5, 15.5081
77, 5, 15.6030
78, 5, 15.2356
79, 5, 14.9312
80, 5, 14.5113
81, 5, 16.2813
82, 5, 15.8475
83, 5, 15.7821
84, 5, 15.1502
85, 5, 15.3432
86, 5, 15.3331
87, 5, 15.0257
88, 5, 14.9774
89, 5, 16.1373
90, 5, 16.9399
91, 5, 14.6640
92, 5, 14.6603
93, 5, 14.6770
94, 5, 14.2142
95, 5, 13.8350
96, 5, 13.2877
97, 5, 16.1959
98, 5, 15.7525
99, 5, 14.6977
100, 5, 14.0484
101, 5, 13.3837
102, 5, 13.1253
103, 5, 13.3918
104, 5, 13.3692
105, 5, 16.2872
106, 5, 15.7614
107, 5, 15.8332
108, 5, 14.6792
109, 5, 14.6785
110, 5, 14.5126
111, 5, 13.7724
112, 5, 13.3666
113, 5, 16.3131
114, 5, 15.4393
115, 5, 14.6424
116, 5, 14.3127
117, 5, 14.2258
118, 5, 12.8819
119, 5, 12.8804
120, 5, 12.4796
121, 5, 16.3969
122, 5, 16.8269
123, 5, 15.4356
124, 5, 14.2099
125, 5, 13.5096
126, 5, 13.0237
127, 5, 13.3424
128, 5, 13.1935
129, 5, 16.3115
130, 5, 16.7843
131, 5, 15.5099
132, 5, 14.9319
133, 5, 14.3353
134, 5, 14.0924
135, 5, 13.8916
136, 5, 13.4309
137, 5, 16.2058
138, 5, 15.7457
139, 5, 14.9775
140, 5, 14.2914
141, 5, 14.0062
142, 5, 14.0435
143, 5, 13.7211
144, 5, 13.3959
145, 5, 16.2616
146, 5, 15.6885
147, 5, 15.4988
148, 5, 14.8721
149, 5, 14.1709
150, 5, 13.9492
151, 5, 14.0715
152, 5, 14.2545
153, 5, 16.3747
154, 5, 16.3145
155, 5, 15.4350
156, 5, 15.0179
157, 5, 15.1042
158, 5, 14.6603
159, 5, 14.3467
160, 5, 14.1055
161, 5, 16.3012
162, 5, 16.4970
163, 5, 16.1284
164, 5, 15.0747
165, 5, 14.8284
166, 5, 14.7214
167, 5, 14.7092
168, 5, 14.3115
169, 5, 16.1701
170, 5, 15.7615
171, 5, 15.2401
172, 5, 15.3682
173, 5, 15.0917
174, 5, 14.8720
175, 5, 14.4332
176, 5, 13.9461
177, 5, 16.1001
178, 5, 15.4594
179, 5, 15.1502
180, 5, 14.9056
181, 5, 14.9611
182, 5, 14.6927
183, 5, 14.5936
184, 5, 14.5146
185, 5, 16.1893
186, 5, 15.8938
187, 5, 15.7108
188, 5, 14.7652
189, 5, 14.3678
190, 5, 13.7969
191, 5, 13.4976
192, 5, 13.3957
193, 5, 16.1516
194, 5, 15.6257
195, 5, 15.2251
196, 5, 14.4191
197, 5, 14.0431
198, 5, 13.8542
199, 5, 13.8240
200, 5, 14.2037
201, 5, 16.1739
202, 5, 15.6328
203, 5, 15.7611
204, 5, 15.3385
205, 5, 14.9337
206, 5, 14.3535
207, 5, 14.0977
208, 5, 13.7287
209, 5, 16.3619
210, 5, 14.8106
211, 5, 14.5184
212, 5, 14.0709
213, 5, 13.1665
214, 5, 12.9958
215, 5, 13.3903
216, 5, 13.5215
217, 5, 16.4783
218, 5, 16.5007
219, 5, 16.1252
220, 5, 14.8723
221, 5, 15.2005
222, 5, 15.1626
223, 5, 15.2028
224, 5, 14.7444
225, 5, 16.4007
226, 5, 17.1394
227, 5, 16.4410
228, 5, 16.3528
229, 5, 15.8646
230, 5, 15.0711
231, 5, 15.2082
232, 5, 15.3504
233, 5, 16.4114
234, 5, 16.7967
235, 5, 16.2856
236, 5, 15.8401
237, 5, 15.2060
238, 5, 14.6155
239, 5, 14.3107
240, 5, 14.2046
241, 5, 16.2146
242, 5, 16.9633
243, 5, 15.6711
244, 5, 15.4451
245, 5, 15.0830
246, 5, 14.9117
247, 5, 14.9785
248, 5, 14.9086
249, 5, 16.2435
250, 5, 15.8071
