664.4091644287109
658.224365234375
187.2227325439453
169.61106872558594
143.6239242553711
107.7768669128418
79.79046058654785
74.82107925415039
2.2599432468414307
2.0786266326904297
1.9944290518760681
1.9529000520706177
1.937404990196228
1.903677225112915
1.8927170038223267
1.869327962398529
1.857787847518921
1.8550562858581543
1.8488644361495972
1.8478302955627441
1.844697654247284
1.8405103087425232
1.8229451179504395
1.8214209079742432
1.7944883704185486
1.7817794680595398
1.7803034782409668
1.7727015614509583
1.7523754239082336
1.7466764450073242
1.7399272918701172
1.7380943298339844
1.7339849472045898
1.7216547727584839
1.7095544338226318
1.7092663645744324
1.7064155340194702
1.7026488184928894
1.7021722793579102
1.692487120628357
1.691926121711731
1.6835691928863525
1.6829590797424316
1.6799646019935608
1.6776569485664368
1.6757658123970032
1.6724750995635986
1.6522285342216492
1.6472607254981995
1.6453191041946411
1.6449917554855347
1.6442123651504517
1.6422424912452698
1.6366159915924072
1.6332042217254639
1.6298772096633911
1.6262449622154236
1.625937581062317
1.6185131669044495
1.6159577369689941
1.6148182153701782
1.6080098152160645
1.6057953834533691
1.6044294238090515
1.6033855676651
1.6022779941558838
1.591575801372528
1.5893582105636597
1.5864999890327454
1.5815383791923523
1.5783353447914124
1.5761906504631042
1.572415292263031
1.562868893146515
1.5620288848876953
1.5599580705165863
1.5597880482673645
1.5592508912086487
1.5587981939315796
1.557195782661438
1.5549744367599487
1.550799012184143
1.5400786399841309
1.5394035577774048
1.535471796989441
1.534036636352539
1.5259367227554321
1.525117039680481
1.5238459706306458
1.5185019373893738
1.5155728459358215
1.5135304927825928
1.5133960247039795
1.50426584482193
1.5038886666297913
1.5008737444877625
1.5008052587509155
1.499046802520752
1.4947220087051392
1.4931848645210266
1.4869815111160278
1.486100435256958
1.4793168306350708
1.475230634212494
1.4674296975135803
1.4553396105766296
1.454506516456604
1.4486142992973328
1.4455974698066711
1.444310486316681
1.442902386188507
1.4384607076644897
1.4280273914337158
1.4273076057434082
1.4202612042427063
1.4175772666931152
1.4164441227912903
1.4078122973442078
1.4030957221984863
1.3975391387939453
1.3966255187988281
1.3948663473129272
1.3736802339553833
1.3566744327545166
1.3565824627876282
1.3539350032806396
1.3507556319236755
1.3137207627296448
