45.06159019470215
36.89871597290039
31.297618865966797
29.349910736083984
27.53727912902832
27.275471687316895
27.1069278717041
26.94511890411377
26.868617057800293
26.86036205291748
26.674386024475098
26.664325714111328
26.645272254943848
26.619457244873047
26.61776065826416
26.470393180847168
26.32326030731201
26.321370124816895
26.261676788330078
26.183935165405273
25.890260696411133
25.37979221343994
24.379796028137207
1.995180904865265
1.7660130858421326
1.6081959009170532
1.2651448249816895
1.2530470490455627
1.235335111618042
1.2280062437057495
1.2087382674217224
1.208371639251709
1.2001567482948303
1.1967913508415222
1.196563959121704
1.1876618266105652
1.1837247610092163
1.1729068160057068
1.1720050573349
1.1716275215148926
1.1705324053764343
1.1666126251220703
1.161503553390503
1.1495457291603088
1.1468145251274109
1.1462430357933044
1.1460095643997192
1.1454952955245972
1.1449373960494995
1.1428020596504211
1.1415613889694214
1.1404136419296265
1.13644540309906
1.134274184703827
1.1314086318016052
1.1311847567558289
1.1309900879859924
1.130126714706421
1.1296862363815308
1.1296575665473938
1.1292784214019775
1.1292723417282104
1.1285059452056885
1.1284641027450562
1.1284259557724
1.1282721757888794
1.1259345412254333
1.1256706714630127
1.122866690158844
1.1221816539764404
1.1221017837524414
1.1217738389968872
1.1190383434295654
1.1167309284210205
1.115817904472351
1.1156668066978455
1.1148326992988586
1.1145904064178467
1.114390790462494
1.1108731627464294
1.1103463768959045
1.1092956066131592
1.1083927154541016
1.1060381531715393
1.104666829109192
1.102037250995636
1.1006330251693726
1.1000353693962097
1.0988579988479614
1.0984541773796082
1.0982733368873596
1.0979419946670532
1.092508614063263
1.0918211340904236
1.0903308391571045
1.0844471454620361
