Frame Index, Action Index, SSIM (dB)
1, 0, 16.8027
2, 0, 17.1546
3, 0, 16.7324
4, 0, 15.8953
5, 0, 16.6070
6, 0, 16.8655
7, 0, 16.6479
8, 0, 16.1028
9, 0, 15.3953
10, 0, 14.8329
11, 0, 14.2780
12, 0, 13.7567
13, 0, 16.5401
14, 0, 16.8440
15, 0, 16.3776
16, 0, 15.9423
17, 0, 15.2162
18, 0, 14.7415
19, 0, 14.2410
20, 0, 13.8035
21, 0, 16.4729
22, 0, 16.9954
23, 0, 16.6014
24, 0, 16.0642
25, 0, 15.4404
26, 0, 14.6915
27, 0, 14.2817
28, 0, 13.8355
29, 0, 16.4248
30, 0, 17.0510
31, 0, 16.4062
32, 0, 15.8058
33, 0, 15.1902
34, 0, 14.7157
35, 0, 14.2596
36, 0, 13.8266
37, 0, 16.4063
38, 0, 16.8283
39, 0, 16.3128
40, 0, 15.6958
41, 0, 15.3732
42, 0, 14.7641
43, 0, 14.2615
44, 0, 13.9186
45, 0, 16.4418
46, 0, 16.8880
47, 0, 16.4346
48, 0, 15.8592
49, 0, 15.2907
50, 0, 14.7440
51, 0, 14.2646
52, 0, 13.8692
53, 0, 16.4367
54, 0, 16.7486
55, 0, 16.3620
56, 0, 15.8446
57, 0, 15.1873
58, 0, 14.6714
59, 0, 14.2166
60, 0, 13.8503
61, 0, 16.4375
62, 0, 16.6481
63, 0, 16.4094
64, 0, 15.7174
65, 0, 15.1977
66, 0, 14.6574
67, 0, 14.2137
68, 0, 13.7046
69, 0, 16.3200
70, 0, 16.8043
71, 0, 16.2504
72, 0, 15.9268
73, 0, 15.3033
74, 0, 14.6675
75, 0, 14.2059
76, 0, 13.8452
77, 0, 16.3045
78, 0, 16.7582
79, 0, 16.1781
80, 0, 15.5990
81, 0, 15.0061
82, 0, 14.5342
83, 0, 14.0740
84, 0, 13.6673
85, 0, 16.1159
86, 0, 16.7980
87, 0, 16.3003
88, 0, 15.8021
89, 0, 15.2156
90, 0, 14.5978
91, 0, 14.2184
92, 0, 13.8337
93, 0, 16.3771
94, 0, 16.5021
95, 0, 16.1140
96, 0, 15.6268
97, 0, 15.0464
98, 0, 14.6048
99, 0, 14.0596
100, 0, 13.6497
101, 0, 16.1584
102, 0, 16.4951
103, 0, 16.0765
104, 0, 15.6303
105, 0, 15.2488
106, 0, 14.5954
107, 0, 14.1216
108, 0, 13.7637
109, 0, 16.2417
110, 0, 16.7054
111, 0, 16.2127
112, 0, 15.8529
113, 0, 15.2801
114, 0, 14.5396
115, 0, 14.1593
116, 0, 13.7847
117, 0, 16.2842
118, 0, 15.6478
119, 0, 15.6708
120, 0, 15.2102
121, 0, 14.8975
122, 0, 14.3322
123, 0, 13.8262
124, 0, 13.4945
125, 0, 16.3040
126, 0, 16.5412
127, 0, 16.1918
128, 0, 15.6583
129, 0, 15.1197
130, 0, 14.5896
131, 0, 14.0801
132, 0, 13.6779
133, 0, 16.2336
134, 0, 16.6138
135, 0, 16.1384
136, 0, 15.5480
137, 0, 15.0920
138, 0, 14.4946
139, 0, 14.0945
140, 0, 13.6692
141, 0, 16.1906
142, 0, 16.6841
143, 0, 16.1056
144, 0, 15.6986
145, 0, 15.1725
146, 0, 14.6308
147, 0, 14.0675
148, 0, 13.6656
149, 0, 16.1166
150, 0, 16.4870
151, 0, 16.1572
152, 0, 15.6222
153, 0, 15.2643
154, 0, 14.6395
155, 0, 13.9818
156, 0, 13.7843
157, 0, 16.3350
158, 0, 16.5137
159, 0, 16.2083
160, 0, 15.6688
161, 0, 15.1623
162, 0, 14.5121
163, 0, 14.1297
164, 0, 13.7550
165, 0, 16.1853
166, 0, 16.6067
167, 0, 16.1800
168, 0, 15.6618
169, 0, 15.0770
170, 0, 14.5158
171, 0, 13.9669
172, 0, 13.5820
173, 0, 16.2768
174, 0, 16.4900
175, 0, 16.1077
176, 0, 15.5313
177, 0, 14.9098
178, 0, 14.5853
179, 0, 14.0484
180, 0, 13.6840
181, 0, 16.1374
182, 0, 16.5964
183, 0, 16.1076
184, 0, 15.5533
185, 0, 15.0342
186, 0, 14.5508
187, 0, 14.0311
188, 0, 13.7273
189, 0, 16.1343
190, 0, 16.4774
191, 0, 16.0599
192, 0, 15.4989
193, 0, 14.9957
194, 0, 14.5928
195, 0, 14.1394
196, 0, 13.7363
197, 0, 16.0852
198, 0, 16.6351
199, 0, 16.1540
200, 0, 15.7118
201, 0, 15.1340
202, 0, 14.4889
203, 0, 14.0669
204, 0, 13.6402
205, 0, 16.1093
206, 0, 16.5335
207, 0, 16.0974
208, 0, 15.4895
209, 0, 14.8497
210, 0, 14.5206
211, 0, 14.0995
212, 0, 13.6892
213, 0, 16.3875
214, 0, 16.7504
215, 0, 16.1808
216, 0, 15.6952
217, 0, 15.3804
218, 0, 14.7092
219, 0, 14.2167
220, 0, 13.7860
221, 0, 16.5050
222, 0, 16.7048
223, 0, 16.4629
224, 0, 15.7625
225, 0, 15.3055
226, 0, 14.7503
227, 0, 14.2722
228, 0, 13.8007
229, 0, 16.3450
230, 0, 16.5741
231, 0, 16.1671
232, 0, 15.8926
233, 0, 15.2611
234, 0, 14.7393
235, 0, 14.2180
236, 0, 13.8215
237, 0, 16.3720
238, 0, 16.6258
239, 0, 16.1743
240, 0, 15.8350
241, 0, 15.1224
242, 0, 14.6215
243, 0, 14.0877
244, 0, 13.7259
245, 0, 16.2685
246, 0, 16.8555
247, 0, 16.4515
248, 0, 15.8330
249, 0, 15.1540
250, 0, 14.6786
1, 1, 14.5789
2, 1, 14.8428
3, 1, 14.5645
4, 1, 14.0825
5, 1, 16.6070
6, 1, 17.5995
7, 1, 17.4832
8, 1, 17.1376
9, 1, 16.6003
10, 1, 16.2334
11, 1, 15.7515
12, 1, 15.5227
13, 1, 16.5401
14, 1, 17.4771
15, 1, 17.1913
16, 1, 16.9614
17, 1, 16.4323
18, 1, 16.1497
19, 1, 15.7337
20, 1, 15.4445
21, 1, 16.4729
22, 1, 17.5238
23, 1, 17.3216
24, 1, 16.9785
25, 1, 16.6160
26, 1, 16.0864
27, 1, 15.8244
28, 1, 15.6358
29, 1, 16.4248
30, 1, 17.5936
31, 1, 17.1796
32, 1, 16.8077
33, 1, 16.3836
34, 1, 16.1132
35, 1, 15.7788
36, 1, 15.5114
37, 1, 16.4063
38, 1, 17.4376
39, 1, 17.1455
40, 1, 16.6321
41, 1, 16.5927
42, 1, 16.2120
43, 1, 15.8613
44, 1, 15.5510
45, 1, 16.4418
46, 1, 17.4243
47, 1, 17.1742
48, 1, 16.7629
49, 1, 16.4345
50, 1, 16.0669
51, 1, 15.7662
52, 1, 15.5734
53, 1, 16.4367
54, 1, 17.1250
55, 1, 17.0645
56, 1, 16.7924
57, 1, 16.3929
58, 1, 15.9944
59, 1, 15.7161
60, 1, 15.5091
61, 1, 16.4375
62, 1, 17.1755
63, 1, 17.1606
64, 1, 16.7160
65, 1, 16.4183
66, 1, 16.1144
67, 1, 15.7166
68, 1, 15.4747
69, 1, 16.3200
70, 1, 17.3022
71, 1, 17.0298
72, 1, 16.8138
73, 1, 16.4197
74, 1, 16.0432
75, 1, 15.6970
76, 1, 15.5479
77, 1, 16.3045
78, 1, 17.3547
79, 1, 17.0003
80, 1, 16.5972
81, 1, 16.2181
82, 1, 15.9002
83, 1, 15.5853
84, 1, 15.3830
85, 1, 16.1159
86, 1, 17.2627
87, 1, 16.9798
88, 1, 16.7153
89, 1, 16.3337
90, 1, 15.9578
91, 1, 15.6859
92, 1, 15.5291
93, 1, 16.3771
94, 1, 17.0691
95, 1, 16.9416
96, 1, 16.6477
97, 1, 16.2743
98, 1, 16.0277
99, 1, 15.6061
100, 1, 15.3389
101, 1, 16.1584
102, 1, 17.0969
103, 1, 16.8730
104, 1, 16.5831
105, 1, 16.4483
106, 1, 15.9469
107, 1, 15.6312
108, 1, 15.4235
109, 1, 16.2417
110, 1, 17.2200
111, 1, 16.9164
112, 1, 16.8081
113, 1, 16.4977
114, 1, 15.9432
115, 1, 15.6308
116, 1, 15.4826
117, 1, 16.2842
118, 1, 16.5449
119, 1, 16.7074
120, 1, 16.4381
121, 1, 16.2658
122, 1, 15.8585
123, 1, 15.3894
124, 1, 15.2553
125, 1, 16.3040
126, 1, 17.1471
127, 1, 16.9497
128, 1, 16.5913
129, 1, 16.3274
130, 1, 16.0207
131, 1, 15.6167
132, 1, 15.3780
133, 1, 16.2336
134, 1, 16.5199
135, 1, 16.8192
136, 1, 16.5533
137, 1, 16.3075
138, 1, 15.9151
139, 1, 15.6192
140, 1, 15.4226
141, 1, 16.1906
142, 1, 17.1617
143, 1, 16.8742
144, 1, 16.6623
145, 1, 16.4253
146, 1, 15.9879
147, 1, 15.5595
148, 1, 15.3893
149, 1, 16.1166
150, 1, 17.0491
151, 1, 16.8764
152, 1, 16.6134
153, 1, 16.4654
154, 1, 16.0237
155, 1, 15.5104
156, 1, 15.5218
157, 1, 16.3350
158, 1, 17.1013
159, 1, 17.0133
160, 1, 16.6452
161, 1, 16.3797
162, 1, 15.9459
163, 1, 15.6383
164, 1, 15.4775
165, 1, 16.1853
166, 1, 17.1529
167, 1, 16.9194
168, 1, 16.5245
169, 1, 16.1903
170, 1, 15.8684
171, 1, 15.4962
172, 1, 15.2732
173, 1, 16.2768
174, 1, 17.0172
175, 1, 16.8532
176, 1, 16.4994
177, 1, 16.1125
178, 1, 15.9346
179, 1, 15.5021
180, 1, 15.3931
181, 1, 16.1374
182, 1, 17.1324
183, 1, 16.8749
184, 1, 16.4825
185, 1, 16.1689
186, 1, 15.9126
187, 1, 15.5434
188, 1, 15.4156
189, 1, 16.1343
190, 1, 17.0613
191, 1, 16.8532
192, 1, 16.4933
193, 1, 16.1807
194, 1, 15.9453
195, 1, 15.6544
196, 1, 15.4642
197, 1, 16.0852
198, 1, 17.1435
199, 1, 16.8695
200, 1, 16.6262
201, 1, 16.2594
202, 1, 15.7727
203, 1, 15.5202
204, 1, 15.2815
205, 1, 16.1093
206, 1, 17.0392
207, 1, 16.7739
208, 1, 16.4090
209, 1, 16.0825
210, 1, 15.9515
211, 1, 15.6438
212, 1, 15.3578
213, 1, 16.3875
214, 1, 17.3170
215, 1, 16.8768
216, 1, 16.6826
217, 1, 16.5735
218, 1, 16.0574
219, 1, 15.7148
220, 1, 15.4040
221, 1, 16.5050
222, 1, 17.2001
223, 1, 17.1275
224, 1, 16.7040
225, 1, 16.5178
226, 1, 16.1071
227, 1, 15.7314
228, 1, 15.4979
229, 1, 16.3450
230, 1, 17.2051
231, 1, 17.0040
232, 1, 16.8169
233, 1, 16.3985
234, 1, 16.0970
235, 1, 15.7345
236, 1, 15.5395
237, 1, 16.3720
238, 1, 17.2074
239, 1, 16.9589
240, 1, 16.7707
241, 1, 16.2690
242, 1, 15.9758
243, 1, 15.6011
244, 1, 15.4144
245, 1, 16.2685
246, 1, 17.2979
247, 1, 17.1300
248, 1, 16.7839
249, 1, 16.3835
250, 1, 16.0212
1, 2, 15.7737
2, 2, 16.1040
3, 2, 15.9227
4, 2, 15.5113
5, 2, 16.6070
6, 2, 17.9915
7, 2, 18.0267
8, 2, 17.7247
9, 2, 17.2873
10, 2, 16.9908
11, 2, 16.6898
12, 2, 16.3907
13, 2, 16.5401
14, 2, 17.8800
15, 2, 17.7602
16, 2, 17.4193
17, 2, 17.1722
18, 2, 16.9536
19, 2, 16.7342
20, 2, 16.3531
21, 2, 16.4729
22, 2, 17.9506
23, 2, 17.8535
24, 2, 17.5573
25, 2, 17.2861
26, 2, 16.8738
27, 2, 16.8397
28, 2, 16.5461
29, 2, 16.4248
30, 2, 17.9838
31, 2, 17.8010
32, 2, 17.4594
33, 2, 17.1530
34, 2, 16.8798
35, 2, 16.7633
36, 2, 16.4702
37, 2, 16.4063
38, 2, 17.8363
39, 2, 17.6800
40, 2, 17.2646
41, 2, 17.2787
42, 2, 17.0030
43, 2, 16.8218
44, 2, 16.5034
45, 2, 16.4418
46, 2, 17.8216
47, 2, 17.7238
48, 2, 17.4079
49, 2, 17.1279
50, 2, 16.8635
51, 2, 16.7474
52, 2, 16.5367
53, 2, 16.4367
54, 2, 17.7685
55, 2, 17.6549
56, 2, 17.4132
57, 2, 17.0829
58, 2, 16.8057
59, 2, 16.6355
60, 2, 16.4083
61, 2, 16.4375
62, 2, 17.6164
63, 2, 17.7199
64, 2, 17.2974
65, 2, 17.1373
66, 2, 16.8640
67, 2, 16.6745
68, 2, 16.3988
69, 2, 16.3200
70, 2, 17.7019
71, 2, 17.5707
72, 2, 17.3935
73, 2, 17.1168
74, 2, 16.7997
75, 2, 16.6280
76, 2, 16.4764
77, 2, 16.3045
78, 2, 17.7516
79, 2, 17.6075
80, 2, 17.2695
81, 2, 16.9792
82, 2, 16.7602
83, 2, 16.5439
84, 2, 16.3169
85, 2, 16.1159
86, 2, 17.6459
87, 2, 17.5419
88, 2, 17.3202
89, 2, 17.0145
90, 2, 16.6890
91, 2, 16.5987
92, 2, 16.4396
93, 2, 16.3771
94, 2, 17.5506
95, 2, 17.5274
96, 2, 17.2485
97, 2, 16.9622
98, 2, 16.7886
99, 2, 16.5836
100, 2, 16.2637
101, 2, 16.1584
102, 2, 17.5597
103, 2, 17.4865
104, 2, 17.1980
105, 2, 17.1449
106, 2, 16.7553
107, 2, 16.5986
108, 2, 16.3616
109, 2, 16.2417
110, 2, 17.6261
111, 2, 17.5108
112, 2, 17.4365
113, 2, 17.1881
114, 2, 16.7044
115, 2, 16.5732
116, 2, 16.3872
117, 2, 16.2842
118, 2, 17.1525
119, 2, 17.4475
120, 2, 17.1627
121, 2, 17.0414
122, 2, 16.6959
123, 2, 16.4059
124, 2, 16.2815
125, 2, 16.3040
126, 2, 16.4279
127, 2, 16.9680
128, 2, 17.1633
129, 2, 17.0146
130, 2, 16.8216
131, 2, 16.6198
132, 2, 16.3513
133, 2, 16.2336
134, 2, 17.4146
135, 2, 17.4544
136, 2, 17.0931
137, 2, 17.0311
138, 2, 16.6839
139, 2, 16.5460
140, 2, 16.3837
141, 2, 16.1906
142, 2, 17.5420
143, 2, 17.4330
144, 2, 17.2547
145, 2, 17.1157
146, 2, 16.7486
147, 2, 16.5215
148, 2, 16.3054
149, 2, 16.1166
150, 2, 17.5085
151, 2, 17.5057
152, 2, 17.2094
153, 2, 17.1379
154, 2, 16.5984
155, 2, 15.9334
156, 2, 16.4045
157, 2, 16.3350
158, 2, 17.5496
159, 2, 17.5952
160, 2, 17.2463
161, 2, 17.0879
162, 2, 16.7508
163, 2, 16.6434
164, 2, 16.3871
165, 2, 16.1853
166, 2, 17.5647
167, 2, 17.4646
168, 2, 17.1441
169, 2, 16.8852
170, 2, 16.6839
171, 2, 16.4780
172, 2, 16.1967
173, 2, 16.2768
174, 2, 17.5120
175, 2, 17.5226
176, 2, 17.1672
177, 2, 16.8530
178, 2, 16.7159
179, 2, 16.4810
180, 2, 16.3280
181, 2, 16.1374
182, 2, 17.5432
183, 2, 17.4141
184, 2, 17.1087
185, 2, 16.9207
186, 2, 16.7129
187, 2, 16.5000
188, 2, 16.3112
189, 2, 16.1343
190, 2, 17.4739
191, 2, 17.4185
192, 2, 17.0944
193, 2, 16.8986
194, 2, 16.7354
195, 2, 16.6005
196, 2, 16.3710
197, 2, 16.0852
198, 2, 17.0253
199, 2, 17.0606
200, 2, 17.1677
201, 2, 16.9078
202, 2, 16.5786
203, 2, 16.4654
204, 2, 16.2154
205, 2, 16.1093
206, 2, 17.4930
207, 2, 17.3610
208, 2, 17.0360
209, 2, 16.7923
210, 2, 16.7318
211, 2, 16.5936
212, 2, 16.3145
213, 2, 16.3875
214, 2, 17.7347
215, 2, 17.5701
216, 2, 17.3574
217, 2, 17.2336
218, 2, 16.8393
219, 2, 16.6698
220, 2, 16.3731
221, 2, 16.5050
222, 2, 17.6294
223, 2, 17.6925
224, 2, 17.3393
225, 2, 17.2025
226, 2, 16.9231
227, 2, 16.6504
228, 2, 16.4114
229, 2, 16.3450
230, 2, 17.6675
231, 2, 17.5835
232, 2, 17.3992
233, 2, 16.8540
234, 2, 16.8346
235, 2, 16.6592
236, 2, 16.4329
237, 2, 16.3720
238, 2, 17.6094
239, 2, 17.5586
240, 2, 17.3879
241, 2, 16.9506
242, 2, 16.7330
243, 2, 16.5562
244, 2, 16.3024
245, 2, 16.2685
246, 2, 17.6781
247, 2, 17.6811
248, 2, 17.3428
249, 2, 17.0376
250, 2, 16.7752
1, 3, 16.2686
2, 3, 16.8541
3, 3, 16.7118
4, 3, 16.2297
5, 3, 16.6070
6, 3, 18.2924
7, 3, 18.4173
8, 3, 18.1066
9, 3, 17.6518
10, 3, 17.3376
11, 3, 16.9951
12, 3, 16.6856
13, 3, 16.5401
14, 3, 18.2028
15, 3, 18.1394
16, 3, 17.9601
17, 3, 17.5140
18, 3, 17.2951
19, 3, 17.0114
20, 3, 16.6837
21, 3, 16.4729
22, 3, 18.2710
23, 3, 18.2550
24, 3, 17.9355
25, 3, 17.6483
26, 3, 17.2123
27, 3, 17.1519
28, 3, 16.7147
29, 3, 16.4248
30, 3, 17.5882
31, 3, 18.1524
32, 3, 17.8094
33, 3, 17.5017
34, 3, 17.2171
35, 3, 17.0822
36, 3, 16.6161
37, 3, 16.4063
38, 3, 18.1548
39, 3, 18.0821
40, 3, 17.6267
41, 3, 17.6427
42, 3, 17.3343
43, 3, 17.1414
44, 3, 16.7837
45, 3, 16.4418
46, 3, 18.1501
47, 3, 18.1313
48, 3, 17.7872
49, 3, 17.4786
50, 3, 17.2172
51, 3, 17.0606
52, 3, 16.3393
53, 3, 16.4367
54, 3, 17.9848
55, 3, 18.0160
56, 3, 17.7631
57, 3, 17.4402
58, 3, 17.1518
59, 3, 16.3169
60, 3, 16.6759
61, 3, 16.4375
62, 3, 17.9140
63, 3, 18.1341
64, 3, 17.6443
65, 3, 17.4974
66, 3, 17.2170
67, 3, 16.9950
68, 3, 16.7028
69, 3, 16.3200
70, 3, 18.0471
71, 3, 17.9834
72, 3, 17.8018
73, 3, 17.5066
74, 3, 17.1704
75, 3, 16.9734
76, 3, 16.7952
77, 3, 16.3045
78, 3, 18.0784
79, 3, 18.0213
80, 3, 17.6796
81, 3, 17.3545
82, 3, 17.0601
83, 3, 16.9171
84, 3, 16.5975
85, 3, 16.1159
86, 3, 17.9698
87, 3, 17.9363
88, 3, 17.7051
89, 3, 17.3886
90, 3, 17.0510
91, 3, 16.8682
92, 3, 16.7694
93, 3, 16.3771
94, 3, 17.9095
95, 3, 17.9459
96, 3, 17.6644
97, 3, 17.3593
98, 3, 17.1722
99, 3, 16.9248
100, 3, 16.5762
101, 3, 16.1584
102, 3, 17.9053
103, 3, 17.8743
104, 3, 17.5749
105, 3, 17.5163
106, 3, 17.1185
107, 3, 16.9357
108, 3, 16.6603
109, 3, 16.2417
110, 3, 17.9811
111, 3, 17.9425
112, 3, 17.8050
113, 3, 17.5816
114, 3, 16.3305
115, 3, 16.9015
116, 3, 16.7155
117, 3, 16.2842
118, 3, 17.5590
119, 3, 17.9658
120, 3, 17.6471
121, 3, 17.4706
122, 3, 17.1376
123, 3, 16.4228
124, 3, 16.5861
125, 3, 16.3040
126, 3, 17.9843
127, 3, 17.9512
128, 3, 17.6297
129, 3, 17.4099
130, 3, 17.1754
131, 3, 16.9448
132, 3, 16.6722
133, 3, 16.2336
134, 3, 17.9474
135, 3, 17.8894
136, 3, 17.6127
137, 3, 17.4665
138, 3, 17.0513
139, 3, 16.8973
140, 3, 16.7193
141, 3, 16.1906
142, 3, 17.9085
143, 3, 17.8687
144, 3, 17.6679
145, 3, 17.4650
146, 3, 17.1732
147, 3, 16.8625
148, 3, 16.6435
149, 3, 16.1166
150, 3, 17.8812
151, 3, 17.9274
152, 3, 17.6269
153, 3, 17.4952
154, 3, 17.1637
155, 3, 16.7748
156, 3, 16.7197
157, 3, 16.3350
158, 3, 17.8727
159, 3, 17.9589
160, 3, 17.6633
161, 3, 17.2818
162, 3, 17.0966
163, 3, 16.9459
164, 3, 16.7337
165, 3, 16.1853
166, 3, 17.9286
167, 3, 17.9027
168, 3, 17.5546
169, 3, 17.2616
170, 3, 17.0295
171, 3, 16.7652
172, 3, 16.5337
173, 3, 16.2768
174, 3, 17.8818
175, 3, 17.8907
176, 3, 17.5730
177, 3, 17.2734
178, 3, 17.0629
179, 3, 16.7651
180, 3, 16.6243
181, 3, 16.1374
182, 3, 17.8998
183, 3, 17.8031
184, 3, 17.4944
185, 3, 17.3059
186, 3, 17.0884
187, 3, 16.8345
188, 3, 16.6608
189, 3, 16.1343
190, 3, 17.8188
191, 3, 17.8443
192, 3, 17.4881
193, 3, 17.2400
194, 3, 17.0604
195, 3, 16.9274
196, 3, 16.6829
197, 3, 16.0852
198, 3, 17.8996
199, 3, 17.8572
200, 3, 17.5996
201, 3, 17.3152
202, 3, 16.9515
203, 3, 16.7995
204, 3, 16.5239
205, 3, 16.1093
206, 3, 17.8336
207, 3, 17.7615
208, 3, 17.3787
209, 3, 17.1947
210, 3, 17.0650
211, 3, 16.9583
212, 3, 16.6346
213, 3, 16.3875
214, 3, 18.0714
215, 3, 17.9616
216, 3, 17.7315
217, 3, 17.6124
218, 3, 17.1748
219, 3, 17.0014
220, 3, 16.6885
221, 3, 16.5050
222, 3, 17.9536
223, 3, 18.0872
224, 3, 17.7172
225, 3, 17.5596
226, 3, 17.2660
227, 3, 16.9844
228, 3, 16.7214
229, 3, 16.3450
230, 3, 17.9997
231, 3, 17.9905
232, 3, 17.7788
233, 3, 17.4330
234, 3, 17.2107
235, 3, 16.9899
236, 3, 16.7265
237, 3, 16.3720
238, 3, 17.9459
239, 3, 17.9509
240, 3, 17.7835
241, 3, 17.3301
242, 3, 17.1055
243, 3, 16.8912
244, 3, 16.6216
245, 3, 16.2685
246, 3, 18.0002
247, 3, 18.0404
248, 3, 17.7057
249, 3, 17.3840
250, 3, 17.0855
1, 4, 16.6617
2, 4, 17.1430
3, 4, 16.9709
4, 4, 16.4677
5, 4, 16.6070
6, 4, 18.4294
7, 4, 18.5926
8, 4, 18.4558
9, 4, 17.9886
10, 4, 17.6843
11, 4, 17.2552
12, 4, 17.0418
13, 4, 16.5401
14, 4, 18.4993
15, 4, 18.5299
16, 4, 18.3322
17, 4, 17.7006
18, 4, 17.5866
19, 4, 16.4644
20, 4, 16.1782
21, 4, 16.4729
22, 4, 17.1075
23, 4, 17.3098
24, 4, 17.2495
25, 4, 17.2228
26, 4, 17.1816
27, 4, 17.2971
28, 4, 17.1522
29, 4, 16.4248
30, 4, 17.7728
31, 4, 17.4707
32, 4, 17.4485
33, 4, 17.8026
34, 4, 17.0557
35, 4, 17.2473
36, 4, 17.0594
37, 4, 16.4063
38, 4, 17.7319
39, 4, 17.9130
40, 4, 18.0022
41, 4, 17.8837
42, 4, 17.5852
43, 4, 17.3258
44, 4, 16.9793
45, 4, 16.4418
46, 4, 17.9856
47, 4, 18.4723
48, 4, 17.7713
49, 4, 16.8450
50, 4, 16.3795
51, 4, 17.1391
52, 4, 17.1173
53, 4, 16.4367
54, 4, 18.2942
55, 4, 18.2764
56, 4, 18.0581
57, 4, 17.6072
58, 4, 17.1577
59, 4, 16.1002
60, 4, 16.2177
61, 4, 16.4375
62, 4, 16.8882
63, 4, 18.0921
64, 4, 17.8660
65, 4, 17.8058
66, 4, 17.4689
67, 4, 17.2249
68, 4, 16.9937
69, 4, 16.3200
70, 4, 17.5799
71, 4, 17.6814
72, 4, 17.9814
73, 4, 17.8113
74, 4, 17.5018
75, 4, 17.2077
76, 4, 17.0361
77, 4, 16.3045
78, 4, 18.4487
79, 4, 18.1116
80, 4, 17.9053
81, 4, 17.7372
82, 4, 17.1943
83, 4, 17.0361
84, 4, 16.5472
85, 4, 16.1159
86, 4, 17.6603
87, 4, 17.9559
88, 4, 17.9537
89, 4, 17.6799
90, 4, 17.4236
91, 4, 16.1843
92, 4, 16.9801
93, 4, 16.3771
94, 4, 16.2406
95, 4, 16.5781
96, 4, 17.9245
97, 4, 17.7884
98, 4, 17.5501
99, 4, 17.1906
100, 4, 16.9058
101, 4, 16.1584
102, 4, 18.2818
103, 4, 18.2954
104, 4, 17.7404
105, 4, 17.8621
106, 4, 17.4684
107, 4, 17.2247
108, 4, 16.8827
109, 4, 16.2417
110, 4, 18.3546
111, 4, 18.2091
112, 4, 18.1419
113, 4, 17.9247
114, 4, 17.4680
115, 4, 17.0378
116, 4, 16.9997
117, 4, 16.2842
118, 4, 16.5926
119, 4, 18.0974
120, 4, 17.9926
121, 4, 17.8556
122, 4, 17.5399
123, 4, 17.1077
124, 4, 17.0310
125, 4, 16.3040
126, 4, 17.2523
127, 4, 18.2110
128, 4, 16.9917
129, 4, 17.7134
130, 4, 17.5261
131, 4, 17.2134
132, 4, 17.0446
133, 4, 16.2336
134, 4, 18.1775
135, 4, 18.2787
136, 4, 18.0246
137, 4, 17.8777
138, 4, 17.4449
139, 4, 17.2065
140, 4, 17.0195
141, 4, 16.1906
142, 4, 18.3161
143, 4, 18.2268
144, 4, 18.0424
145, 4, 17.8427
146, 4, 17.4506
147, 4, 17.1100
148, 4, 16.9537
149, 4, 16.1166
150, 4, 18.1449
151, 4, 18.3320
152, 4, 18.1081
153, 4, 17.8339
154, 4, 17.5690
155, 4, 17.0578
156, 4, 16.9630
157, 4, 16.3350
158, 4, 17.0033
159, 4, 18.1521
160, 4, 18.0159
161, 4, 17.8258
162, 4, 17.4075
163, 4, 17.2013
164, 4, 17.0424
165, 4, 16.1853
166, 4, 18.3131
167, 4, 18.3214
168, 4, 18.0299
169, 4, 17.6317
170, 4, 16.7011
171, 4, 16.6754
172, 4, 16.4708
173, 4, 16.2768
174, 4, 16.0490
175, 4, 16.0023
176, 4, 17.7775
177, 4, 17.6953
178, 4, 17.2511
179, 4, 17.0153
180, 4, 16.9602
181, 4, 16.1374
182, 4, 18.2930
183, 4, 18.2370
184, 4, 17.9156
185, 4, 17.6313
186, 4, 17.4011
187, 4, 17.0895
188, 4, 16.8180
189, 4, 16.1343
190, 4, 18.1683
191, 4, 18.2042
192, 4, 17.8988
193, 4, 17.5914
194, 4, 17.3235
195, 4, 16.8692
196, 4, 16.8170
197, 4, 16.0852
198, 4, 16.7573
199, 4, 17.2214
200, 4, 17.0559
201, 4, 17.5697
202, 4, 16.8134
203, 4, 16.9170
204, 4, 16.1223
205, 4, 16.1093
206, 4, 18.2152
207, 4, 18.1678
208, 4, 17.8355
209, 4, 17.5684
210, 4, 16.7826
211, 4, 17.0672
212, 4, 16.9798
213, 4, 16.3875
214, 4, 17.8180
215, 4, 18.2151
216, 4, 18.1294
217, 4, 17.7733
218, 4, 17.4209
219, 4, 17.1847
220, 4, 16.9500
221, 4, 16.5050
222, 4, 16.9058
223, 4, 18.1716
224, 4, 17.6108
225, 4, 17.7282
226, 4, 17.5740
227, 4, 17.2137
228, 4, 16.9833
229, 4, 16.3450
230, 4, 18.3250
231, 4, 18.4257
232, 4, 18.0703
233, 4, 17.6542
234, 4, 17.5155
235, 4, 17.1942
236, 4, 17.0424
237, 4, 16.3720
238, 4, 18.3027
239, 4, 18.2973
240, 4, 18.1679
241, 4, 17.6993
242, 4, 17.4368
243, 4, 17.1234
244, 4, 16.8847
245, 4, 16.2685
246, 4, 18.3735
247, 4, 18.4229
248, 4, 18.1237
249, 4, 17.7350
250, 4, 17.3050
1, 5, 15.0101
2, 5, 17.3280
3, 5, 17.5379
4, 5, 17.2476
5, 5, 16.6070
6, 5, 18.8652
7, 5, 19.1325
8, 5, 18.8581
9, 5, 17.8172
10, 5, 18.3104
11, 5, 18.1227
12, 5, 17.8740
13, 5, 16.5401
14, 5, 18.8622
15, 5, 18.9957
16, 5, 18.8034
17, 5, 18.3737
18, 5, 17.9604
19, 5, 17.4556
20, 5, 17.7398
21, 5, 16.4729
22, 5, 17.8190
23, 5, 18.9548
24, 5, 18.7829
25, 5, 18.6377
26, 5, 18.2652
27, 5, 18.2401
28, 5, 17.9901
29, 5, 16.4248
30, 5, 19.0358
31, 5, 19.1065
32, 5, 18.7869
33, 5, 18.5417
34, 5, 18.0687
35, 5, 18.0335
36, 5, 17.8049
37, 5, 16.4063
38, 5, 17.7724
39, 5, 18.8158
40, 5, 18.5202
41, 5, 18.4782
42, 5, 18.2263
43, 5, 18.1069
44, 5, 17.7346
45, 5, 16.4418
46, 5, 18.9658
47, 5, 19.1421
48, 5, 18.6473
49, 5, 18.3776
50, 5, 18.1506
51, 5, 18.0981
52, 5, 17.8813
53, 5, 16.4367
54, 5, 18.7268
55, 5, 18.7820
56, 5, 17.6127
57, 5, 18.2893
58, 5, 18.0737
59, 5, 17.9060
60, 5, 17.7760
61, 5, 16.4375
62, 5, 18.4220
63, 5, 18.9010
64, 5, 18.5360
65, 5, 18.4445
66, 5, 18.1149
67, 5, 17.9518
68, 5, 17.7583
69, 5, 16.3200
70, 5, 18.7938
71, 5, 18.7467
72, 5, 18.5988
73, 5, 18.3308
74, 5, 18.1258
75, 5, 17.9708
76, 5, 17.7830
77, 5, 16.3045
78, 5, 18.8484
79, 5, 18.9817
80, 5, 18.6696
81, 5, 18.3263
82, 5, 18.0609
83, 5, 18.0117
84, 5, 17.8092
85, 5, 16.1159
86, 5, 18.7362
87, 5, 18.8883
88, 5, 18.6621
89, 5, 18.4028
90, 5, 18.1493
91, 5, 17.7875
92, 5, 17.8326
93, 5, 16.3771
94, 5, 18.7084
95, 5, 18.8675
96, 5, 18.5609
97, 5, 18.3631
98, 5, 18.2031
99, 5, 17.9392
100, 5, 17.6596
101, 5, 16.1584
102, 5, 18.6031
103, 5, 18.8135
104, 5, 18.3223
105, 5, 18.4231
106, 5, 18.1110
107, 5, 17.9736
108, 5, 17.6467
109, 5, 16.2417
110, 5, 18.7515
111, 5, 18.7557
112, 5, 18.6238
113, 5, 18.4282
114, 5, 18.1175
115, 5, 17.7764
116, 5, 17.7580
117, 5, 16.2842
118, 5, 18.3985
119, 5, 18.8444
120, 5, 18.5007
121, 5, 17.1766
122, 5, 17.5538
123, 5, 17.3564
124, 5, 17.7115
125, 5, 16.3040
126, 5, 17.8581
127, 5, 18.7532
128, 5, 18.5424
129, 5, 18.3376
130, 5, 18.2401
131, 5, 18.0367
132, 5, 17.8370
133, 5, 16.2336
134, 5, 18.6345
135, 5, 18.7656
136, 5, 18.4508
137, 5, 18.4351
138, 5, 18.1451
139, 5, 17.9900
140, 5, 17.7850
141, 5, 16.1906
142, 5, 18.6984
143, 5, 18.7782
144, 5, 18.5307
145, 5, 18.3894
146, 5, 18.1275
147, 5, 17.8668
148, 5, 17.7192
149, 5, 16.1166
150, 5, 18.5485
151, 5, 18.8301
152, 5, 18.5865
153, 5, 18.3973
154, 5, 18.2645
155, 5, 17.8464
156, 5, 17.7514
157, 5, 16.3350
158, 5, 18.5846
159, 5, 18.7643
160, 5, 17.9456
161, 5, 18.2049
162, 5, 17.5338
163, 5, 17.4426
164, 5, 16.6337
165, 5, 16.1853
166, 5, 16.0981
167, 5, 16.2580
168, 5, 16.0600
169, 5, 15.9192
170, 5, 15.8913
171, 5, 16.0993
172, 5, 16.7499
173, 5, 16.2768
174, 5, 16.5142
175, 5, 16.7810
176, 5, 16.2454
177, 5, 16.5907
178, 5, 16.6824
179, 5, 16.6186
180, 5, 16.8930
181, 5, 16.1374
182, 5, 17.6619
183, 5, 17.8062
184, 5, 17.6895
185, 5, 17.9931
186, 5, 17.7222
187, 5, 17.7169
188, 5, 16.9170
189, 5, 16.1343
190, 5, 17.3667
191, 5, 17.9386
192, 5, 17.8435
193, 5, 16.9911
194, 5, 16.3028
195, 5, 15.9660
196, 5, 16.4820
197, 5, 16.0852
198, 5, 17.4351
199, 5, 18.4477
200, 5, 17.7203
201, 5, 17.8015
202, 5, 16.6021
203, 5, 16.7893
204, 5, 16.2544
205, 5, 16.1093
206, 5, 16.7064
207, 5, 17.4213
208, 5, 17.0108
209, 5, 16.5211
210, 5, 16.2170
211, 5, 16.9053
212, 5, 17.0669
213, 5, 16.3875
214, 5, 18.1550
215, 5, 17.5394
216, 5, 17.9937
217, 5, 17.7292
218, 5, 17.5155
219, 5, 17.6915
220, 5, 17.4438
221, 5, 16.5050
222, 5, 17.0770
223, 5, 18.4398
224, 5, 17.5915
225, 5, 17.1643
226, 5, 17.7367
227, 5, 17.4509
228, 5, 17.2838
229, 5, 16.3450
230, 5, 17.3691
231, 5, 18.0982
232, 5, 17.9526
233, 5, 17.4085
234, 5, 17.1951
235, 5, 17.3051
236, 5, 17.3018
237, 5, 16.3720
238, 5, 16.2380
239, 5, 15.7564
240, 5, 16.1937
241, 5, 17.9337
242, 5, 18.1058
243, 5, 17.9215
244, 5, 17.6839
245, 5, 16.2685
246, 5, 18.7334
247, 5, 18.9531
248, 5, 18.6347
249, 5, 18.3292
250, 5, 17.9953
