Frame Index, Action Index, SSIM (dB)
1, 0, 16.8027
2, 0, 17.1491
3, 0, 16.7173
4, 0, 16.7655
5, 0, 16.5178
6, 0, 16.0027
7, 0, 15.6167
8, 0, 14.9909
9, 0, 14.3547
10, 0, 13.9375
11, 0, 16.5655
12, 0, 17.0119
13, 0, 16.6651
14, 0, 15.9405
15, 0, 15.2963
16, 0, 14.7478
17, 0, 14.1530
18, 0, 13.7826
19, 0, 16.5245
20, 0, 16.7827
21, 0, 16.5804
22, 0, 16.0230
23, 0, 15.4946
24, 0, 14.8622
25, 0, 14.3291
26, 0, 13.7857
27, 0, 16.5271
28, 0, 17.0294
29, 0, 16.3856
30, 0, 15.9714
31, 0, 15.3646
32, 0, 14.7011
33, 0, 14.1446
34, 0, 13.8470
35, 0, 16.3776
36, 0, 16.7915
37, 0, 16.3471
38, 0, 15.8609
39, 0, 15.3379
40, 0, 14.5804
41, 0, 14.2836
42, 0, 13.8669
43, 0, 16.4628
44, 0, 16.7050
45, 0, 16.3298
46, 0, 15.9166
47, 0, 15.2947
48, 0, 14.6383
49, 0, 14.2007
50, 0, 13.8767
51, 0, 16.5084
52, 0, 16.7714
53, 0, 16.5005
54, 0, 15.8465
55, 0, 15.2770
56, 0, 14.7145
57, 0, 14.1698
58, 0, 13.7997
59, 0, 16.3942
60, 0, 16.8114
61, 0, 16.2786
62, 0, 15.8609
63, 0, 15.3949
64, 0, 14.7073
65, 0, 14.1822
66, 0, 13.8432
67, 0, 16.4064
68, 0, 16.8449
69, 0, 16.2732
70, 0, 15.8292
71, 0, 15.2561
72, 0, 14.7512
73, 0, 14.2388
74, 0, 13.7433
75, 0, 16.3106
76, 0, 16.8189
77, 0, 16.3632
78, 0, 15.8365
79, 0, 15.1239
80, 0, 14.5009
81, 0, 13.9874
82, 0, 13.6558
83, 0, 16.2542
84, 0, 16.4828
85, 0, 16.1512
86, 0, 15.6836
87, 0, 15.1928
88, 0, 14.6599
89, 0, 14.1737
90, 0, 13.7091
91, 0, 16.3427
92, 0, 16.8131
93, 0, 16.4824
94, 0, 15.6897
95, 0, 15.1242
96, 0, 14.5795
97, 0, 14.0613
98, 0, 13.7733
99, 0, 16.1541
100, 0, 16.4721
101, 0, 15.9211
102, 0, 15.4956
103, 0, 14.9814
104, 0, 14.6098
105, 0, 14.2142
106, 0, 13.7326
107, 0, 16.2009
108, 0, 16.5564
109, 0, 16.1446
110, 0, 15.6241
111, 0, 15.0735
112, 0, 14.6722
113, 0, 14.1440
114, 0, 13.6585
115, 0, 16.3044
116, 0, 16.7684
117, 0, 16.3548
118, 0, 15.1262
119, 0, 14.8878
120, 0, 14.3308
121, 0, 13.9776
122, 0, 13.5715
123, 0, 16.2742
124, 0, 16.6115
125, 0, 16.1730
126, 0, 15.6494
127, 0, 15.0870
128, 0, 14.5470
129, 0, 14.0767
130, 0, 13.7527
131, 0, 16.2490
132, 0, 16.7677
133, 0, 16.1311
134, 0, 15.7135
135, 0, 15.1061
136, 0, 14.5198
137, 0, 14.0582
138, 0, 13.6793
139, 0, 16.2029
140, 0, 16.6160
141, 0, 16.2268
142, 0, 15.6849
143, 0, 15.1045
144, 0, 14.5962
145, 0, 14.1800
146, 0, 13.7760
147, 0, 16.1814
148, 0, 16.6272
149, 0, 16.1576
150, 0, 15.6070
151, 0, 15.1042
152, 0, 14.5282
153, 0, 14.1806
154, 0, 13.7670
155, 0, 16.1121
156, 0, 16.6719
157, 0, 16.3352
158, 0, 15.6039
159, 0, 15.1388
160, 0, 14.5469
161, 0, 14.1553
162, 0, 13.6658
163, 0, 16.2808
164, 0, 16.6385
165, 0, 16.1303
166, 0, 15.6089
167, 0, 15.0359
168, 0, 14.4853
169, 0, 14.0235
170, 0, 13.6552
171, 0, 16.1061
172, 0, 16.6583
173, 0, 16.1388
174, 0, 15.5953
175, 0, 15.0903
176, 0, 14.4615
177, 0, 13.9182
178, 0, 13.7430
179, 0, 16.0746
180, 0, 16.5478
181, 0, 16.1579
182, 0, 15.6090
183, 0, 14.9958
184, 0, 14.4315
185, 0, 14.0152
186, 0, 13.6964
187, 0, 16.1877
188, 0, 16.5252
189, 0, 15.9886
190, 0, 15.5199
191, 0, 15.0090
192, 0, 14.4399
193, 0, 14.0351
194, 0, 13.7989
195, 0, 16.1869
196, 0, 16.6608
197, 0, 16.0859
198, 0, 15.6722
199, 0, 15.0981
200, 0, 14.5714
201, 0, 14.1017
202, 0, 13.6193
203, 0, 16.0469
204, 0, 16.3844
205, 0, 15.9700
206, 0, 15.4900
207, 0, 14.9195
208, 0, 14.4139
209, 0, 13.9248
210, 0, 13.6775
211, 0, 16.4185
212, 0, 16.7691
213, 0, 16.3019
214, 0, 15.7812
215, 0, 15.1768
216, 0, 14.6138
217, 0, 14.3195
218, 0, 13.8040
219, 0, 16.4317
220, 0, 16.6353
221, 0, 16.3906
222, 0, 15.8235
223, 0, 15.3734
224, 0, 14.6597
225, 0, 14.2923
226, 0, 13.8047
227, 0, 16.4505
228, 0, 16.8379
229, 0, 16.3358
230, 0, 15.7332
231, 0, 15.1556
232, 0, 14.7582
233, 0, 14.2196
234, 0, 13.8301
235, 0, 16.4006
236, 0, 16.8278
237, 0, 16.3384
238, 0, 15.7123
239, 0, 15.1778
240, 0, 14.6536
241, 0, 14.0573
242, 0, 13.7649
243, 0, 16.3366
244, 0, 16.6154
245, 0, 16.2195
246, 0, 15.7568
247, 0, 15.3189
248, 0, 14.7040
249, 0, 14.1204
250, 0, 13.7963
1, 1, 13.5735
2, 1, 15.8726
3, 1, 16.7173
4, 1, 17.2723
5, 1, 17.3070
6, 1, 16.9410
7, 1, 16.7655
8, 1, 16.3495
9, 1, 15.8487
10, 1, 15.6457
11, 1, 16.5655
12, 1, 17.4701
13, 1, 17.3627
14, 1, 16.9243
15, 1, 16.4980
16, 1, 16.1771
17, 1, 15.6919
18, 1, 15.5452
19, 1, 16.5245
20, 1, 17.2696
21, 1, 17.2768
22, 1, 16.9552
23, 1, 16.6378
24, 1, 16.2369
25, 1, 15.8408
26, 1, 15.5229
27, 1, 16.5271
28, 1, 17.5553
29, 1, 17.1206
30, 1, 16.9078
31, 1, 16.4683
32, 1, 16.0195
33, 1, 15.6699
34, 1, 15.5603
35, 1, 16.3776
36, 1, 17.3706
37, 1, 17.1257
38, 1, 16.8573
39, 1, 16.5378
40, 1, 15.9361
41, 1, 15.8609
42, 1, 15.6421
43, 1, 16.4628
44, 1, 17.0995
45, 1, 17.0041
46, 1, 16.7470
47, 1, 16.4983
48, 1, 16.0259
49, 1, 15.7057
50, 1, 15.4980
51, 1, 16.5084
52, 1, 17.4448
53, 1, 17.2831
54, 1, 16.8230
55, 1, 16.4552
56, 1, 16.0746
57, 1, 15.6896
58, 1, 15.4898
59, 1, 16.3942
60, 1, 17.3175
61, 1, 16.9817
62, 1, 16.7590
63, 1, 16.5634
64, 1, 16.0712
65, 1, 15.7164
66, 1, 15.5512
67, 1, 16.4064
68, 1, 17.3709
69, 1, 16.9574
70, 1, 16.7344
71, 1, 16.3884
72, 1, 16.1470
73, 1, 15.7020
74, 1, 15.4594
75, 1, 16.3106
76, 1, 17.3613
77, 1, 17.0936
78, 1, 16.7645
79, 1, 16.3819
80, 1, 15.9336
81, 1, 15.5692
82, 1, 15.3838
83, 1, 16.2542
84, 1, 17.0553
85, 1, 16.8992
86, 1, 16.6355
87, 1, 16.3287
88, 1, 16.0003
89, 1, 15.6158
90, 1, 15.3723
91, 1, 16.3427
92, 1, 17.2692
93, 1, 17.1721
94, 1, 16.5848
95, 1, 16.1405
96, 1, 15.8631
97, 1, 15.5583
98, 1, 15.4395
99, 1, 16.1541
100, 1, 16.6939
101, 1, 16.3229
102, 1, 16.3654
103, 1, 16.1590
104, 1, 15.9179
105, 1, 15.6904
106, 1, 15.3901
107, 1, 16.2009
108, 1, 17.1504
109, 1, 16.9476
110, 1, 16.6333
111, 1, 16.2952
112, 1, 16.0907
113, 1, 15.7181
114, 1, 15.3592
115, 1, 16.3044
116, 1, 17.3058
117, 1, 17.0480
118, 1, 16.2243
119, 1, 16.2879
120, 1, 15.8731
121, 1, 15.6171
122, 1, 15.3961
123, 1, 16.2742
124, 1, 17.1573
125, 1, 16.9284
126, 1, 16.6641
127, 1, 16.3175
128, 1, 15.9859
129, 1, 15.6273
130, 1, 15.4667
131, 1, 16.2490
132, 1, 17.2674
133, 1, 16.8605
134, 1, 16.6937
135, 1, 16.2903
136, 1, 15.8853
137, 1, 15.6198
138, 1, 15.3712
139, 1, 16.2029
140, 1, 17.1287
141, 1, 16.9213
142, 1, 16.5751
143, 1, 16.2609
144, 1, 16.0142
145, 1, 15.6864
146, 1, 15.4581
147, 1, 16.1814
148, 1, 17.1446
149, 1, 16.8880
150, 1, 16.5782
151, 1, 16.2919
152, 1, 15.9045
153, 1, 15.7437
154, 1, 15.4601
155, 1, 16.1121
156, 1, 17.2274
157, 1, 17.0645
158, 1, 16.5169
159, 1, 16.4009
160, 1, 15.9771
161, 1, 15.6552
162, 1, 15.4079
163, 1, 16.2808
164, 1, 17.2554
165, 1, 16.8702
166, 1, 16.5534
167, 1, 16.2651
168, 1, 15.8847
169, 1, 15.4928
170, 1, 15.3736
171, 1, 16.1061
172, 1, 17.1826
173, 1, 16.9439
174, 1, 16.5693
175, 1, 16.3050
176, 1, 15.8932
177, 1, 15.4804
178, 1, 15.4455
179, 1, 16.0746
180, 1, 17.1589
181, 1, 16.9050
182, 1, 16.5627
183, 1, 16.2024
184, 1, 15.7784
185, 1, 15.4991
186, 1, 15.4155
187, 1, 16.1877
188, 1, 17.0623
189, 1, 16.7535
190, 1, 16.5054
191, 1, 16.1901
192, 1, 15.7900
193, 1, 15.4915
194, 1, 15.4286
195, 1, 16.1869
196, 1, 17.2152
197, 1, 16.8267
198, 1, 16.6526
199, 1, 16.2746
200, 1, 15.9424
201, 1, 15.5639
202, 1, 15.2882
203, 1, 16.0469
204, 1, 16.9660
205, 1, 16.7464
206, 1, 16.4493
207, 1, 16.0916
208, 1, 15.7734
209, 1, 15.4828
210, 1, 15.4026
211, 1, 16.4185
212, 1, 17.3075
213, 1, 17.0710
214, 1, 16.7967
215, 1, 16.3439
216, 1, 16.0031
217, 1, 15.8465
218, 1, 15.4893
219, 1, 16.4317
220, 1, 17.2407
221, 1, 17.1484
222, 1, 16.7264
223, 1, 16.5443
224, 1, 16.0432
225, 1, 15.8367
226, 1, 15.5523
227, 1, 16.4505
228, 1, 17.3587
229, 1, 17.0301
230, 1, 16.6643
231, 1, 16.3281
232, 1, 15.8562
233, 1, 15.4001
234, 1, 15.5207
235, 1, 16.4006
236, 1, 17.3440
237, 1, 17.1215
238, 1, 16.6480
239, 1, 16.3893
240, 1, 16.0735
241, 1, 15.5617
242, 1, 15.3948
243, 1, 16.3366
244, 1, 17.1953
245, 1, 16.9938
246, 1, 16.6761
247, 1, 16.4472
248, 1, 16.0609
249, 1, 15.6439
250, 1, 15.4552
1, 2, 15.2145
2, 2, 15.4405
3, 2, 16.7173
4, 2, 17.7345
5, 2, 17.9333
6, 2, 17.5720
7, 2, 17.4481
8, 2, 17.1251
9, 2, 16.8096
10, 2, 16.5523
11, 2, 16.5655
12, 2, 17.9089
13, 2, 17.8991
14, 2, 17.5550
15, 2, 17.1668
16, 2, 16.9833
17, 2, 16.6737
18, 2, 16.4625
19, 2, 16.5245
20, 2, 17.6769
21, 2, 17.8674
22, 2, 17.5754
23, 2, 17.3472
24, 2, 17.0081
25, 2, 16.8055
26, 2, 16.4464
27, 2, 16.5271
28, 2, 17.9674
29, 2, 17.6854
30, 2, 17.5314
31, 2, 17.1659
32, 2, 16.6173
33, 2, 16.4796
34, 2, 15.8344
35, 2, 16.3776
36, 2, 17.2486
37, 2, 17.1936
38, 2, 17.0222
39, 2, 16.7120
40, 2, 16.4628
41, 2, 16.8218
42, 2, 16.5702
43, 2, 16.4628
44, 2, 17.7668
45, 2, 17.7228
46, 2, 17.4658
47, 2, 17.2112
48, 2, 16.7670
49, 2, 16.6453
50, 2, 16.4101
51, 2, 16.5084
52, 2, 17.8966
53, 2, 17.8371
54, 2, 17.4315
55, 2, 17.1416
56, 2, 16.8982
57, 2, 16.6473
58, 2, 16.3827
59, 2, 16.3942
60, 2, 17.7303
61, 2, 17.6152
62, 2, 17.3470
63, 2, 17.2580
64, 2, 16.8800
65, 2, 16.7062
66, 2, 16.4657
67, 2, 16.4064
68, 2, 17.7740
69, 2, 17.4459
70, 2, 17.3366
71, 2, 17.0858
72, 2, 16.9232
73, 2, 16.6680
74, 2, 16.3917
75, 2, 16.3106
76, 2, 17.7613
77, 2, 17.6490
78, 2, 17.3430
79, 2, 17.0839
80, 2, 16.7274
81, 2, 16.5495
82, 2, 16.3349
83, 2, 16.2542
84, 2, 17.5210
85, 2, 17.5083
86, 2, 17.2535
87, 2, 17.0235
88, 2, 16.7782
89, 2, 16.5086
90, 2, 16.2498
91, 2, 16.3427
92, 2, 17.7097
93, 2, 17.7589
94, 2, 17.2429
95, 2, 17.0361
96, 2, 16.7799
97, 2, 16.5627
98, 2, 16.3865
99, 2, 16.1541
100, 2, 17.5166
101, 2, 17.4219
102, 2, 17.1965
103, 2, 16.9532
104, 2, 16.7100
105, 2, 16.6727
106, 2, 16.3169
107, 2, 16.2009
108, 2, 16.3439
109, 2, 16.6230
110, 2, 17.1766
111, 2, 16.9863
112, 2, 16.8807
113, 2, 16.6853
114, 2, 16.3206
115, 2, 16.3044
116, 2, 17.7067
117, 2, 17.6042
118, 2, 16.4900
119, 2, 17.0019
120, 2, 16.7238
121, 2, 16.6699
122, 2, 16.3569
123, 2, 16.2742
124, 2, 17.6164
125, 2, 17.5306
126, 2, 17.3106
127, 2, 17.0444
128, 2, 16.7677
129, 2, 16.6006
130, 2, 16.4066
131, 2, 16.2490
132, 2, 17.6867
133, 2, 17.4848
134, 2, 17.2840
135, 2, 16.9971
136, 2, 16.7247
137, 2, 16.6073
138, 2, 16.3191
139, 2, 16.2029
140, 2, 17.5634
141, 2, 17.5007
142, 2, 17.1606
143, 2, 16.9663
144, 2, 16.7767
145, 2, 16.6402
146, 2, 16.3555
147, 2, 16.1814
148, 2, 17.5886
149, 2, 17.4827
150, 2, 17.1920
151, 2, 17.0337
152, 2, 16.7150
153, 2, 16.6896
154, 2, 16.4343
155, 2, 16.1121
156, 2, 17.6572
157, 2, 17.6852
158, 2, 17.2004
159, 2, 17.0937
160, 2, 16.7676
161, 2, 16.6292
162, 2, 16.3375
163, 2, 16.2808
164, 2, 17.7099
165, 2, 17.4590
166, 2, 17.2012
167, 2, 16.9374
168, 2, 16.3093
169, 2, 15.5517
170, 2, 15.4160
171, 2, 16.1061
172, 2, 17.5568
173, 2, 17.5401
174, 2, 17.2142
175, 2, 17.0480
176, 2, 16.7075
177, 2, 16.4689
178, 2, 16.3264
179, 2, 16.0746
180, 2, 17.5607
181, 2, 17.4619
182, 2, 17.1683
183, 2, 16.8631
184, 2, 16.6015
185, 2, 16.4931
186, 2, 16.3122
187, 2, 16.1877
188, 2, 17.5597
189, 2, 17.3694
190, 2, 17.1342
191, 2, 16.8879
192, 2, 16.5855
193, 2, 16.4425
194, 2, 16.2993
195, 2, 16.1869
196, 2, 17.6261
197, 2, 17.3794
198, 2, 17.2353
199, 2, 16.9364
200, 2, 16.7372
201, 2, 16.4996
202, 2, 16.2024
203, 2, 16.0469
204, 2, 17.3813
205, 2, 17.3164
206, 2, 17.0972
207, 2, 16.7920
208, 2, 16.5790
209, 2, 16.4092
210, 2, 16.3357
211, 2, 16.4185
212, 2, 17.7532
213, 2, 17.6452
214, 2, 17.3764
215, 2, 17.0485
216, 2, 16.8136
217, 2, 16.6432
218, 2, 16.2333
219, 2, 16.4317
220, 2, 16.5584
221, 2, 17.2362
222, 2, 17.2652
223, 2, 17.0287
224, 2, 15.9636
225, 2, 15.8934
226, 2, 16.0699
227, 2, 16.4505
228, 2, 17.7747
229, 2, 17.6012
230, 2, 17.3253
231, 2, 17.0752
232, 2, 16.8725
233, 2, 16.5927
234, 2, 16.4085
235, 2, 16.4006
236, 2, 17.6744
237, 2, 17.7089
238, 2, 17.2399
239, 2, 17.0292
240, 2, 16.8544
241, 2, 16.5181
242, 2, 16.3186
243, 2, 16.3366
244, 2, 17.6110
245, 2, 17.5920
246, 2, 17.2798
247, 2, 17.1335
248, 2, 16.8129
249, 2, 16.5778
250, 2, 16.3792
1, 3, 13.9871
2, 3, 15.9588
3, 3, 16.7173
4, 3, 17.2815
5, 3, 18.1516
6, 3, 17.4758
7, 3, 17.4916
8, 3, 17.4624
9, 3, 17.1229
10, 3, 16.8530
11, 3, 16.5655
12, 3, 18.2136
13, 3, 18.2922
14, 3, 17.9258
15, 3, 17.5542
16, 3, 17.3152
17, 3, 16.9470
18, 3, 16.7654
19, 3, 16.5245
20, 3, 18.0139
21, 3, 18.2529
22, 3, 17.9475
23, 3, 17.6574
24, 3, 17.3598
25, 3, 17.0919
26, 3, 16.7529
27, 3, 16.5271
28, 3, 18.2968
29, 3, 18.0615
30, 3, 17.9204
31, 3, 17.5720
32, 3, 17.2667
33, 3, 16.9737
34, 3, 16.7138
35, 3, 16.3776
36, 3, 18.1141
37, 3, 18.0807
38, 3, 17.8541
39, 3, 17.5690
40, 3, 17.0927
41, 3, 17.1458
42, 3, 16.8824
43, 3, 16.4628
44, 3, 17.6080
45, 3, 17.5389
46, 3, 17.1623
47, 3, 17.4202
48, 3, 17.0061
49, 3, 16.9539
50, 3, 16.7286
51, 3, 16.5084
52, 3, 17.4581
53, 3, 18.0234
54, 3, 17.7664
55, 3, 17.5164
56, 3, 17.2216
57, 3, 16.9638
58, 3, 16.6755
59, 3, 16.3942
60, 3, 18.0433
61, 3, 18.0691
62, 3, 17.7053
63, 3, 17.6031
64, 3, 17.1730
65, 3, 17.0150
66, 3, 16.7744
67, 3, 16.4064
68, 3, 18.1322
69, 3, 17.9600
70, 3, 17.7538
71, 3, 17.4564
72, 3, 17.3045
73, 3, 16.9933
74, 3, 16.6957
75, 3, 16.3106
76, 3, 18.1190
77, 3, 18.0483
78, 3, 17.7441
79, 3, 17.4723
80, 3, 17.1081
81, 3, 16.8886
82, 3, 16.6315
83, 3, 16.2542
84, 3, 17.3890
85, 3, 17.7919
86, 3, 17.5922
87, 3, 17.3848
88, 3, 17.1400
89, 3, 16.8762
90, 3, 16.5843
91, 3, 16.3427
92, 3, 18.0766
93, 3, 18.1538
94, 3, 17.5862
95, 3, 17.4072
96, 3, 17.1430
97, 3, 16.9182
98, 3, 16.6813
99, 3, 16.1541
100, 3, 17.8793
101, 3, 17.7814
102, 3, 17.5755
103, 3, 17.3071
104, 3, 15.6207
105, 3, 15.4803
106, 3, 14.9609
107, 3, 16.2009
108, 3, 16.5603
109, 3, 17.8596
110, 3, 17.6403
111, 3, 17.3911
112, 3, 17.2442
113, 3, 17.0086
114, 3, 16.6320
115, 3, 16.3044
116, 3, 18.0619
117, 3, 18.0072
118, 3, 16.9663
119, 3, 17.4699
120, 3, 17.1619
121, 3, 17.0194
122, 3, 16.7171
123, 3, 16.2742
124, 3, 17.9497
125, 3, 17.9415
126, 3, 17.7146
127, 3, 17.4231
128, 3, 17.1192
129, 3, 16.9422
130, 3, 16.7894
131, 3, 16.2490
132, 3, 18.0301
133, 3, 17.8731
134, 3, 17.6597
135, 3, 17.3875
136, 3, 17.0650
137, 3, 16.9535
138, 3, 16.6038
139, 3, 16.2029
140, 3, 17.9322
141, 3, 17.9102
142, 3, 17.5634
143, 3, 17.3234
144, 3, 17.1580
145, 3, 16.9747
146, 3, 16.7103
147, 3, 16.1814
148, 3, 17.9394
149, 3, 17.9064
150, 3, 17.1767
151, 3, 16.8604
152, 3, 16.8617
153, 3, 16.4698
154, 3, 16.0752
155, 3, 16.1121
156, 3, 16.1583
157, 3, 16.6618
158, 3, 16.0223
159, 3, 16.2044
160, 3, 15.8144
161, 3, 15.8114
162, 3, 15.3002
163, 3, 16.2808
164, 3, 16.9349
165, 3, 17.2344
166, 3, 17.4943
167, 3, 17.3434
168, 3, 17.0172
169, 3, 16.8218
170, 3, 16.5183
171, 3, 16.1061
172, 3, 17.1518
173, 3, 17.0692
174, 3, 17.5532
175, 3, 17.3999
176, 3, 17.0920
177, 3, 16.8260
178, 3, 16.6251
179, 3, 16.0746
180, 3, 17.8945
181, 3, 17.8444
182, 3, 17.5391
183, 3, 17.2222
184, 3, 16.9322
185, 3, 16.8209
186, 3, 16.6226
187, 3, 16.1877
188, 3, 17.9130
189, 3, 17.7814
190, 3, 17.5509
191, 3, 17.2863
192, 3, 16.9308
193, 3, 16.1677
194, 3, 16.0317
195, 3, 16.1869
196, 3, 17.9865
197, 3, 17.7954
198, 3, 17.6349
199, 3, 17.3441
200, 3, 17.1023
201, 3, 16.8468
202, 3, 16.5374
203, 3, 16.0469
204, 3, 17.7378
205, 3, 17.7243
206, 3, 17.4971
207, 3, 17.2044
208, 3, 16.9210
209, 3, 16.7294
210, 3, 16.6306
211, 3, 16.4185
212, 3, 18.0649
213, 3, 17.9887
214, 3, 17.7819
215, 3, 17.4454
216, 3, 17.1816
217, 3, 17.1134
218, 3, 16.7163
219, 3, 16.4317
220, 3, 18.0393
221, 3, 18.1552
222, 3, 17.6622
223, 3, 17.5723
224, 3, 17.1570
225, 3, 17.1164
226, 3, 16.8028
227, 3, 16.4505
228, 3, 18.0920
229, 3, 18.0280
230, 3, 17.6847
231, 3, 17.4498
232, 3, 16.5185
233, 3, 15.8722
234, 3, 16.3203
235, 3, 16.4006
236, 3, 17.8125
237, 3, 18.0410
238, 3, 17.6450
239, 3, 17.2365
240, 3, 17.0672
241, 3, 16.8303
242, 3, 16.6220
243, 3, 16.3366
244, 3, 17.9152
245, 3, 17.9815
246, 3, 17.6546
247, 3, 17.4733
248, 3, 17.1520
249, 3, 16.9070
250, 3, 16.6506
1, 4, 13.4638
2, 4, 15.3541
3, 4, 16.7173
4, 4, 18.4583
5, 4, 18.7056
6, 4, 18.2313
7, 4, 18.0787
8, 4, 17.7941
9, 4, 17.3228
10, 4, 17.1606
11, 4, 16.5655
12, 4, 18.5731
13, 4, 18.7077
14, 4, 18.2468
15, 4, 17.9264
16, 4, 17.6509
17, 4, 17.1706
18, 4, 17.0646
19, 4, 16.5245
20, 4, 17.5012
21, 4, 17.8477
22, 4, 17.5239
23, 4, 17.7149
24, 4, 17.0430
25, 4, 17.2656
26, 4, 17.0794
27, 4, 16.5271
28, 4, 18.6265
29, 4, 18.3525
30, 4, 18.3058
31, 4, 17.9821
32, 4, 17.6583
33, 4, 17.2567
34, 4, 16.9021
35, 4, 16.3776
36, 4, 18.2055
37, 4, 18.4124
38, 4, 18.2689
39, 4, 17.8929
40, 4, 17.2273
41, 4, 16.3689
42, 4, 15.6848
43, 4, 16.4628
44, 4, 16.3586
45, 4, 16.6974
46, 4, 17.5001
47, 4, 17.8576
48, 4, 17.5173
49, 4, 17.0527
50, 4, 16.9996
51, 4, 16.5084
52, 4, 18.0440
53, 4, 18.5248
54, 4, 18.0503
55, 4, 17.8618
56, 4, 17.5586
57, 4, 17.1934
58, 4, 16.9395
59, 4, 16.3942
60, 4, 18.4155
61, 4, 18.3490
62, 4, 17.9268
63, 4, 17.9416
64, 4, 17.5225
65, 4, 17.2665
66, 4, 16.9982
67, 4, 16.4064
68, 4, 18.5371
69, 4, 18.3010
70, 4, 18.1452
71, 4, 17.7354
72, 4, 17.5782
73, 4, 17.2235
74, 4, 17.0015
75, 4, 16.3106
76, 4, 18.1715
77, 4, 18.3643
78, 4, 18.1176
79, 4, 17.8381
80, 4, 17.5033
81, 4, 17.1547
82, 4, 16.9508
83, 4, 16.2542
84, 4, 17.5498
85, 4, 18.1795
86, 4, 17.8735
87, 4, 17.1076
88, 4, 16.8754
89, 4, 16.5950
90, 4, 16.2798
91, 4, 16.3427
92, 4, 16.7797
93, 4, 16.6123
94, 4, 15.6523
95, 4, 15.4545
96, 4, 15.3441
97, 4, 15.2225
98, 4, 14.5803
99, 4, 16.1541
100, 4, 16.2535
101, 4, 15.5805
102, 4, 15.4956
103, 4, 16.2045
104, 4, 15.6159
105, 4, 16.2766
106, 4, 15.9787
107, 4, 16.2009
108, 4, 16.0961
109, 4, 15.9750
110, 4, 16.0271
111, 4, 16.6411
112, 4, 17.4962
113, 4, 17.2713
114, 4, 17.0083
115, 4, 16.3044
116, 4, 18.4920
117, 4, 18.4460
118, 4, 16.6974
119, 4, 17.7085
120, 4, 17.3527
121, 4, 17.2559
122, 4, 17.0650
123, 4, 16.2742
124, 4, 17.0712
125, 4, 17.5402
126, 4, 17.7027
127, 4, 17.5228
128, 4, 16.8461
129, 4, 16.6113
130, 4, 16.2998
131, 4, 16.2490
132, 4, 17.9336
133, 4, 18.0248
134, 4, 17.3791
135, 4, 17.4916
136, 4, 16.5071
137, 4, 17.0126
138, 4, 16.9748
139, 4, 16.2029
140, 4, 18.1400
141, 4, 18.3194
142, 4, 18.0259
143, 4, 17.7471
144, 4, 17.4792
145, 4, 17.1730
146, 4, 16.9923
147, 4, 16.1814
148, 4, 18.1345
149, 4, 18.3078
150, 4, 17.9211
151, 4, 17.7949
152, 4, 17.4577
153, 4, 16.8578
154, 4, 16.5985
155, 4, 16.1121
156, 4, 17.7176
157, 4, 18.3402
158, 4, 17.9642
159, 4, 17.6993
160, 4, 17.4251
161, 4, 17.1967
162, 4, 16.9139
163, 4, 16.2808
164, 4, 18.3833
165, 4, 18.3124
166, 4, 18.0746
167, 4, 17.7713
168, 4, 17.0196
169, 4, 15.5598
170, 4, 15.1221
171, 4, 16.1061
172, 4, 17.1316
173, 4, 16.8329
174, 4, 17.3340
175, 4, 17.4227
176, 4, 16.5917
177, 4, 16.3666
178, 4, 16.0626
179, 4, 16.0746
180, 4, 18.2920
181, 4, 18.2826
182, 4, 17.9740
183, 4, 17.5077
184, 4, 17.3086
185, 4, 17.0453
186, 4, 16.6045
187, 4, 16.1877
188, 4, 17.5632
189, 4, 18.0673
190, 4, 17.9124
191, 4, 17.6514
192, 4, 17.2716
193, 4, 16.9851
194, 4, 16.8337
195, 4, 16.1869
196, 4, 18.3431
197, 4, 18.1852
198, 4, 18.0312
199, 4, 17.7487
200, 4, 17.4573
201, 4, 17.0861
202, 4, 16.8285
203, 4, 16.0469
204, 4, 18.1160
205, 4, 18.1292
206, 4, 17.9380
207, 4, 17.6376
208, 4, 16.7375
209, 4, 15.4563
210, 4, 15.5003
211, 4, 16.4185
212, 4, 17.7610
213, 4, 17.9089
214, 4, 17.7867
215, 4, 17.7742
216, 4, 17.5407
217, 4, 17.1689
218, 4, 16.9250
219, 4, 16.4317
220, 4, 17.9407
221, 4, 18.4609
222, 4, 17.8982
223, 4, 17.9259
224, 4, 17.5255
225, 4, 17.1679
226, 4, 17.0601
227, 4, 16.4505
228, 4, 16.6359
229, 4, 16.1965
230, 4, 15.3803
231, 4, 15.3658
232, 4, 15.6884
233, 4, 16.1218
234, 4, 16.5762
235, 4, 16.4006
236, 4, 17.8128
237, 4, 18.3469
238, 4, 18.0082
239, 4, 17.7457
240, 4, 17.4972
241, 4, 17.0265
242, 4, 16.9235
243, 4, 16.3366
244, 4, 18.0332
245, 4, 18.2905
246, 4, 18.0436
247, 4, 17.8648
248, 4, 17.5376
249, 4, 17.1487
250, 4, 16.8259
1, 5, 13.6525
2, 5, 16.6762
3, 5, 16.7173
4, 5, 18.8444
5, 5, 19.2515
6, 5, 18.8147
7, 5, 18.6342
8, 5, 18.4483
9, 5, 18.0997
10, 5, 17.9527
11, 5, 16.5655
12, 5, 19.0098
13, 5, 19.2733
14, 5, 18.3213
15, 5, 18.4400
16, 5, 18.3462
17, 5, 17.8991
18, 5, 17.8614
19, 5, 16.5245
20, 5, 18.1181
21, 5, 18.7099
22, 5, 18.5839
23, 5, 18.2738
24, 5, 17.2995
25, 5, 17.1338
26, 5, 16.7797
27, 5, 16.5271
28, 5, 17.2635
29, 5, 16.8574
30, 5, 16.4778
31, 5, 16.0324
32, 5, 15.6550
33, 5, 15.7504
34, 5, 15.1287
35, 5, 16.3776
36, 5, 16.5680
37, 5, 16.4539
38, 5, 16.4221
39, 5, 16.2168
40, 5, 16.0287
41, 5, 16.3634
42, 5, 16.6339
43, 5, 16.4628
44, 5, 16.8227
45, 5, 17.0035
46, 5, 16.8127
47, 5, 16.7883
48, 5, 16.8515
49, 5, 17.7473
50, 5, 17.7699
51, 5, 16.5084
52, 5, 17.9595
53, 5, 19.0087
54, 5, 18.1312
55, 5, 18.2913
56, 5, 18.1862
57, 5, 17.8431
58, 5, 17.6396
59, 5, 16.3942
60, 5, 18.8090
61, 5, 17.8450
62, 5, 17.7820
63, 5, 18.1034
64, 5, 16.7188
65, 5, 16.8649
66, 5, 16.6890
67, 5, 16.4064
68, 5, 16.9176
69, 5, 16.9667
70, 5, 17.7133
71, 5, 17.3269
72, 5, 17.5443
73, 5, 17.4213
74, 5, 17.1483
75, 5, 16.3106
76, 5, 18.0412
77, 5, 18.7076
78, 5, 18.5763
79, 5, 18.4268
80, 5, 18.2143
81, 5, 17.9205
82, 5, 17.1085
83, 5, 16.2542
84, 5, 17.1852
85, 5, 18.2919
86, 5, 18.3367
87, 5, 18.3153
88, 5, 18.2052
89, 5, 17.9786
90, 5, 17.5348
91, 5, 16.3427
92, 5, 17.5748
93, 5, 18.3470
94, 5, 17.7766
95, 5, 17.7861
96, 5, 17.8829
97, 5, 17.7679
98, 5, 17.8159
99, 5, 16.1541
100, 5, 18.3806
101, 5, 18.6194
102, 5, 18.4046
103, 5, 18.2900
104, 5, 17.9645
105, 5, 17.1663
106, 5, 15.9669
107, 5, 16.2009
108, 5, 16.0618
109, 5, 16.3157
110, 5, 16.3758
111, 5, 16.7168
112, 5, 16.9121
113, 5, 16.9833
114, 5, 15.9639
115, 5, 16.3044
116, 5, 17.3095
117, 5, 18.8543
118, 5, 15.9085
119, 5, 17.2252
120, 5, 16.9286
121, 5, 17.9699
122, 5, 17.7781
123, 5, 16.2742
124, 5, 17.6774
125, 5, 17.9504
126, 5, 17.9924
127, 5, 18.2672
128, 5, 18.1302
129, 5, 17.9281
130, 5, 17.7606
131, 5, 16.2490
132, 5, 18.8170
133, 5, 18.8361
134, 5, 18.5212
135, 5, 18.2640
136, 5, 17.2566
137, 5, 17.9411
138, 5, 17.7366
139, 5, 16.2029
140, 5, 18.7182
141, 5, 18.9131
142, 5, 18.5812
143, 5, 18.3342
144, 5, 17.6558
145, 5, 17.2596
146, 5, 16.6730
147, 5, 16.1814
148, 5, 16.8134
149, 5, 17.3627
150, 5, 17.1359
151, 5, 17.0225
152, 5, 18.0248
153, 5, 18.0217
154, 5, 17.8965
155, 5, 16.1121
156, 5, 17.6381
157, 5, 18.4989
158, 5, 18.1213
159, 5, 17.8124
160, 5, 17.6007
161, 5, 17.8991
162, 5, 17.6493
163, 5, 16.2808
164, 5, 17.1954
165, 5, 16.5329
166, 5, 15.8905
167, 5, 15.6525
168, 5, 15.1271
169, 5, 15.0097
170, 5, 15.7011
171, 5, 16.1061
172, 5, 17.5364
173, 5, 17.3936
174, 5, 17.8948
175, 5, 17.7878
176, 5, 17.5919
177, 5, 17.7426
178, 5, 17.3105
179, 5, 16.0746
180, 5, 17.6278
181, 5, 18.5052
182, 5, 18.4390
183, 5, 18.2063
184, 5, 17.9857
185, 5, 17.8590
186, 5, 17.7258
187, 5, 16.1877
188, 5, 18.2792
189, 5, 18.5710
190, 5, 18.2931
191, 5, 18.1405
192, 5, 17.8878
193, 5, 17.7649
194, 5, 17.6158
195, 5, 16.1869
196, 5, 17.9965
197, 5, 18.5047
198, 5, 18.2911
199, 5, 18.2564
200, 5, 18.0755
201, 5, 17.7830
202, 5, 17.5185
203, 5, 16.0469
204, 5, 17.4328
205, 5, 18.1760
206, 5, 18.2024
207, 5, 18.1689
208, 5, 17.5621
209, 5, 16.7307
210, 5, 16.1061
211, 5, 16.4185
212, 5, 16.3329
213, 5, 16.2542
214, 5, 16.2474
215, 5, 15.6260
216, 5, 15.7456
217, 5, 15.3932
218, 5, 14.8361
219, 5, 16.4317
220, 5, 16.0216
221, 5, 16.2384
222, 5, 15.5938
223, 5, 15.4997
224, 5, 15.0908
225, 5, 14.8655
226, 5, 15.2571
227, 5, 16.4505
228, 5, 16.9586
229, 5, 17.5097
230, 5, 16.8600
231, 5, 17.1638
232, 5, 16.6804
233, 5, 15.8563
234, 5, 15.7070
235, 5, 16.4006
236, 5, 18.4562
237, 5, 18.9293
238, 5, 18.5138
239, 5, 18.3572
240, 5, 18.2231
241, 5, 17.7345
242, 5, 17.6946
243, 5, 16.3366
244, 5, 16.9123
245, 5, 18.5453
246, 5, 18.4537
247, 5, 18.3834
248, 5, 17.6656
249, 5, 17.5970
250, 5, 17.1135
