Frame Index, Action Index, SSIM (dB)
1, 0, 16.8027
2, 0, 17.1541
3, 0, 16.7313
4, 0, 15.8999
5, 0, 15.4386
6, 0, 14.8797
7, 0, 16.6373
8, 0, 17.1863
9, 0, 16.5473
10, 0, 16.0407
11, 0, 15.3800
12, 0, 14.7114
13, 0, 14.2552
14, 0, 13.8570
15, 0, 16.5176
16, 0, 17.1044
17, 0, 16.4347
18, 0, 16.0096
19, 0, 15.3479
20, 0, 14.7187
21, 0, 14.3308
22, 0, 13.9374
23, 0, 16.4365
24, 0, 16.8089
25, 0, 16.4513
26, 0, 15.7919
27, 0, 15.3478
28, 0, 14.8026
29, 0, 14.1640
30, 0, 13.8727
31, 0, 16.5402
32, 0, 16.8937
33, 0, 16.4025
34, 0, 15.9303
35, 0, 15.3881
36, 0, 14.7615
37, 0, 14.1789
38, 0, 13.8305
39, 0, 16.4655
40, 0, 16.6067
41, 0, 16.5214
42, 0, 15.9354
43, 0, 15.3775
44, 0, 14.7305
45, 0, 14.1914
46, 0, 13.8316
47, 0, 16.4489
48, 0, 16.7671
49, 0, 16.4085
50, 0, 15.8869
51, 0, 15.4163
52, 0, 14.7595
53, 0, 14.2399
54, 0, 13.8885
55, 0, 16.2579
56, 0, 16.8383
57, 0, 16.3917
58, 0, 15.7786
59, 0, 15.3111
60, 0, 14.7267
61, 0, 14.2627
62, 0, 13.8651
63, 0, 16.4212
64, 0, 16.5831
65, 0, 16.2144
66, 0, 15.8135
67, 0, 15.2774
68, 0, 14.6621
69, 0, 14.1557
70, 0, 13.8137
71, 0, 16.2648
72, 0, 16.7462
73, 0, 16.3122
74, 0, 15.7046
75, 0, 15.1771
76, 0, 14.7052
77, 0, 14.1411
78, 0, 13.7234
79, 0, 16.3382
80, 0, 16.6609
81, 0, 16.1333
82, 0, 15.6551
83, 0, 15.1071
84, 0, 14.5762
85, 0, 14.0886
86, 0, 13.7065
87, 0, 16.2332
88, 0, 16.8364
89, 0, 16.4056
90, 0, 15.8711
91, 0, 15.2408
92, 0, 14.6987
93, 0, 14.3184
94, 0, 13.7184
95, 0, 16.1913
96, 0, 16.5988
97, 0, 16.1915
98, 0, 15.7621
99, 0, 15.1382
100, 0, 14.5033
101, 0, 14.0280
102, 0, 13.6457
103, 0, 16.1329
104, 0, 16.4171
105, 0, 16.1997
106, 0, 15.5986
107, 0, 15.0708
108, 0, 14.5929
109, 0, 14.1555
110, 0, 13.7448
111, 0, 16.2132
112, 0, 16.7593
113, 0, 16.3713
114, 0, 15.6321
115, 0, 15.1658
116, 0, 14.6767
117, 0, 14.1694
118, 0, 13.5870
119, 0, 16.4645
120, 0, 16.6881
121, 0, 16.2585
122, 0, 15.6786
123, 0, 15.0329
124, 0, 14.5301
125, 0, 14.0862
126, 0, 13.7101
127, 0, 16.2125
128, 0, 16.5586
129, 0, 16.1638
130, 0, 15.7557
131, 0, 15.1281
132, 0, 14.5176
133, 0, 13.9797
134, 0, 13.7556
135, 0, 16.2347
136, 0, 16.2962
137, 0, 16.0479
138, 0, 15.4952
139, 0, 15.0341
140, 0, 14.5175
141, 0, 14.0610
142, 0, 13.6427
143, 0, 16.1501
144, 0, 16.5030
145, 0, 16.1737
146, 0, 15.6711
147, 0, 15.0510
148, 0, 14.5316
149, 0, 14.0454
150, 0, 13.6695
151, 0, 16.2112
152, 0, 16.7697
153, 0, 16.3789
154, 0, 15.8706
155, 0, 15.0228
156, 0, 14.6998
157, 0, 14.2146
158, 0, 13.7142
159, 0, 16.3314
160, 0, 16.6141
161, 0, 16.2832
162, 0, 15.6659
163, 0, 15.2047
164, 0, 14.6099
165, 0, 14.0530
166, 0, 13.6820
167, 0, 16.1571
168, 0, 16.5540
169, 0, 16.0185
170, 0, 15.5552
171, 0, 15.0172
172, 0, 14.4298
173, 0, 14.1347
174, 0, 13.6531
175, 0, 16.2040
176, 0, 16.4912
177, 0, 16.0286
178, 0, 15.6735
179, 0, 15.0113
180, 0, 14.5399
181, 0, 14.0828
182, 0, 13.6472
183, 0, 16.1275
184, 0, 16.5278
185, 0, 16.0356
186, 0, 15.6766
187, 0, 15.0770
188, 0, 14.5865
189, 0, 14.0349
190, 0, 13.6818
191, 0, 16.1231
192, 0, 16.5659
193, 0, 16.0881
194, 0, 15.7465
195, 0, 15.2599
196, 0, 14.6417
197, 0, 14.0059
198, 0, 13.7247
199, 0, 16.1081
200, 0, 16.6290
201, 0, 16.2027
202, 0, 15.5843
203, 0, 15.0810
204, 0, 14.4965
205, 0, 14.0501
206, 0, 13.6527
207, 0, 16.0516
208, 0, 16.2648
209, 0, 15.6465
210, 0, 15.4159
211, 0, 14.9679
212, 0, 14.4514
213, 0, 14.0782
214, 0, 13.6477
215, 0, 16.4227
216, 0, 17.0163
217, 0, 16.5568
218, 0, 15.8356
219, 0, 15.2703
220, 0, 14.6499
221, 0, 14.2854
222, 0, 13.8056
223, 0, 16.4582
224, 0, 16.5162
225, 0, 16.2046
226, 0, 15.7686
227, 0, 15.2257
228, 0, 14.6580
229, 0, 14.1131
230, 0, 13.7304
231, 0, 16.3760
232, 0, 16.8406
233, 0, 16.2777
234, 0, 15.8256
235, 0, 15.2992
236, 0, 14.6678
237, 0, 14.2845
238, 0, 13.7454
239, 0, 16.2884
240, 0, 16.8429
241, 0, 16.1851
242, 0, 15.7830
243, 0, 15.1139
244, 0, 14.5725
245, 0, 14.1455
246, 0, 13.7306
247, 0, 16.3722
248, 0, 16.8286
249, 0, 16.2359
250, 0, 15.7401
1, 1, 15.2480
2, 1, 15.5850
3, 1, 15.4056
4, 1, 14.9342
5, 1, 14.8724
6, 1, 14.5953
7, 1, 16.6373
8, 1, 17.7879
9, 1, 17.3094
10, 1, 16.9805
11, 1, 16.5201
12, 1, 16.0779
13, 1, 15.8044
14, 1, 15.5957
15, 1, 16.5176
16, 1, 17.6109
17, 1, 17.1894
18, 1, 16.9823
19, 1, 16.5049
20, 1, 16.0270
21, 1, 15.8285
22, 1, 15.6296
23, 1, 16.4365
24, 1, 17.4726
25, 1, 17.2854
26, 1, 16.8310
27, 1, 16.6087
28, 1, 16.1653
29, 1, 15.7349
30, 1, 15.6102
31, 1, 16.5402
32, 1, 17.4314
33, 1, 17.1516
34, 1, 16.8222
35, 1, 16.5396
36, 1, 16.1551
37, 1, 15.7288
38, 1, 15.5846
39, 1, 16.4655
40, 1, 17.1403
41, 1, 17.3132
42, 1, 16.9569
43, 1, 16.6316
44, 1, 16.1589
45, 1, 15.7908
46, 1, 15.5887
47, 1, 16.4489
48, 1, 17.3007
49, 1, 17.0875
50, 1, 16.8145
51, 1, 16.5304
52, 1, 16.1136
53, 1, 15.8199
54, 1, 15.5210
55, 1, 16.2579
56, 1, 17.3685
57, 1, 17.1115
58, 1, 16.6987
59, 1, 16.4202
60, 1, 16.0501
61, 1, 15.6552
62, 1, 15.5554
63, 1, 16.4212
64, 1, 17.1678
65, 1, 17.0515
66, 1, 16.8316
67, 1, 16.4841
68, 1, 16.0739
69, 1, 15.5952
70, 1, 15.4862
71, 1, 16.2648
72, 1, 17.3432
73, 1, 17.0611
74, 1, 16.6911
75, 1, 16.3373
76, 1, 16.0902
77, 1, 15.6823
78, 1, 15.4508
79, 1, 16.3382
80, 1, 17.2226
81, 1, 16.8829
82, 1, 16.6006
83, 1, 16.3218
84, 1, 15.9486
85, 1, 15.6427
86, 1, 15.3864
87, 1, 16.2332
88, 1, 17.2856
89, 1, 17.0169
90, 1, 16.6764
91, 1, 16.3526
92, 1, 16.0422
93, 1, 15.8041
94, 1, 15.3794
95, 1, 16.1913
96, 1, 17.2002
97, 1, 16.9058
98, 1, 16.6912
99, 1, 16.3445
100, 1, 15.8621
101, 1, 15.5265
102, 1, 15.3476
103, 1, 16.1329
104, 1, 17.0141
105, 1, 16.9840
106, 1, 16.5716
107, 1, 16.2806
108, 1, 15.9459
109, 1, 15.6058
110, 1, 15.4319
111, 1, 16.2132
112, 1, 17.3075
113, 1, 17.0967
114, 1, 16.5826
115, 1, 16.3521
116, 1, 16.0513
117, 1, 15.6382
118, 1, 15.2521
119, 1, 16.4645
120, 1, 17.2355
121, 1, 17.0392
122, 1, 16.6341
123, 1, 16.2123
124, 1, 15.8938
125, 1, 15.6572
126, 1, 15.4748
127, 1, 16.2125
128, 1, 17.1043
129, 1, 16.9165
130, 1, 16.7068
131, 1, 16.3127
132, 1, 15.8910
133, 1, 15.4858
134, 1, 15.4592
135, 1, 16.2347
136, 1, 17.0069
137, 1, 16.8799
138, 1, 16.5136
139, 1, 16.2369
140, 1, 15.9220
141, 1, 15.5937
142, 1, 15.3599
143, 1, 16.1501
144, 1, 17.0754
145, 1, 16.9807
146, 1, 16.6347
147, 1, 16.1892
148, 1, 15.8973
149, 1, 15.5646
150, 1, 15.3789
151, 1, 16.2112
152, 1, 17.2108
153, 1, 17.0755
154, 1, 16.7530
155, 1, 16.1738
156, 1, 16.1081
157, 1, 15.7523
158, 1, 15.3985
159, 1, 16.3314
160, 1, 17.1614
161, 1, 17.0164
162, 1, 16.6325
163, 1, 16.3751
164, 1, 15.9944
165, 1, 15.5424
166, 1, 15.3366
167, 1, 16.1571
168, 1, 17.0982
169, 1, 16.7983
170, 1, 16.5458
171, 1, 16.2209
172, 1, 15.8250
173, 1, 15.6189
174, 1, 15.3828
175, 1, 16.2040
176, 1, 17.1218
177, 1, 16.8286
178, 1, 16.5839
179, 1, 16.1587
180, 1, 15.9334
181, 1, 15.5497
182, 1, 15.3291
183, 1, 16.1275
184, 1, 17.0480
185, 1, 16.8200
186, 1, 16.6301
187, 1, 16.2204
188, 1, 15.9279
189, 1, 15.5152
190, 1, 15.3389
191, 1, 16.1231
192, 1, 17.0329
193, 1, 16.7915
194, 1, 16.6390
195, 1, 16.3979
196, 1, 16.0159
197, 1, 15.5120
198, 1, 15.4244
199, 1, 16.1081
200, 1, 17.1604
201, 1, 16.9299
202, 1, 16.4503
203, 1, 16.2033
204, 1, 15.8553
205, 1, 15.5423
206, 1, 15.3042
207, 1, 16.0516
208, 1, 16.8979
209, 1, 16.5676
210, 1, 16.4824
211, 1, 16.2701
212, 1, 15.8886
213, 1, 15.6349
214, 1, 15.4117
215, 1, 16.4227
216, 1, 17.4610
217, 1, 17.2281
218, 1, 16.7457
219, 1, 16.4344
220, 1, 15.9835
221, 1, 15.7665
222, 1, 15.4653
223, 1, 16.4582
224, 1, 17.1957
225, 1, 17.0739
226, 1, 16.7743
227, 1, 16.3789
228, 1, 16.0565
229, 1, 15.6743
230, 1, 15.4227
231, 1, 16.3760
232, 1, 17.3744
233, 1, 16.9734
234, 1, 16.7905
235, 1, 16.4651
236, 1, 16.0920
237, 1, 15.7338
238, 1, 15.4425
239, 1, 16.2884
240, 1, 17.3586
241, 1, 16.9244
242, 1, 16.6987
243, 1, 16.2614
244, 1, 15.9829
245, 1, 15.6577
246, 1, 15.4108
247, 1, 16.3722
248, 1, 17.3325
249, 1, 16.9734
250, 1, 16.6907
1, 2, 16.2164
2, 2, 16.6063
3, 2, 16.5377
4, 2, 16.1145
5, 2, 16.0062
6, 2, 15.7372
7, 2, 16.6373
8, 2, 18.1589
9, 2, 17.8514
10, 2, 17.5729
11, 2, 17.2015
12, 2, 16.8130
13, 2, 16.7837
14, 2, 16.5273
15, 2, 16.5176
16, 2, 18.0324
17, 2, 17.7530
18, 2, 17.5477
19, 2, 17.2409
20, 2, 16.8060
21, 2, 16.8123
22, 2, 16.5397
23, 2, 16.4365
24, 2, 17.8956
25, 2, 17.8791
26, 2, 17.4329
27, 2, 17.3167
28, 2, 16.9785
29, 2, 16.6962
30, 2, 16.5397
31, 2, 16.5402
32, 2, 17.8981
33, 2, 17.7337
34, 2, 17.3985
35, 2, 17.2336
36, 2, 16.8985
37, 2, 16.6725
38, 2, 16.5071
39, 2, 16.4655
40, 2, 17.5929
41, 2, 17.8729
42, 2, 17.5612
43, 2, 17.3265
44, 2, 16.9452
45, 2, 16.7140
46, 2, 16.5042
47, 2, 16.4489
48, 2, 17.7876
49, 2, 17.6359
50, 2, 17.3827
51, 2, 17.2317
52, 2, 16.9954
53, 2, 16.7734
54, 2, 16.4800
55, 2, 16.2579
56, 2, 17.7747
57, 2, 17.6602
58, 2, 17.3290
59, 2, 17.0952
60, 2, 16.8631
61, 2, 16.6263
62, 2, 16.4336
63, 2, 16.4212
64, 2, 17.6709
65, 2, 17.6869
66, 2, 17.4374
67, 2, 17.1728
68, 2, 16.8264
69, 2, 16.5648
70, 2, 16.3774
71, 2, 16.2648
72, 2, 17.7679
73, 2, 17.6153
74, 2, 17.2986
75, 2, 17.0451
76, 2, 16.9021
77, 2, 16.6360
78, 2, 16.3954
79, 2, 16.3382
80, 2, 17.6624
81, 2, 17.5132
82, 2, 17.2773
83, 2, 17.0319
84, 2, 16.7190
85, 2, 16.5313
86, 2, 16.3298
87, 2, 16.2332
88, 2, 17.7054
89, 2, 17.5565
90, 2, 17.2033
91, 2, 17.0159
92, 2, 16.7946
93, 2, 16.7482
94, 2, 16.3001
95, 2, 16.1913
96, 2, 17.6391
97, 2, 17.4968
98, 2, 17.3090
99, 2, 17.0296
100, 2, 16.6588
101, 2, 16.4680
102, 2, 16.2942
103, 2, 16.1329
104, 2, 17.4652
105, 2, 17.5843
106, 2, 17.1931
107, 2, 17.0026
108, 2, 16.7421
109, 2, 16.5731
110, 2, 16.3243
111, 2, 16.2132
112, 2, 17.7313
113, 2, 17.6936
114, 2, 17.2358
115, 2, 17.0311
116, 2, 16.8213
117, 2, 16.5661
118, 2, 16.1872
119, 2, 16.4645
120, 2, 17.6888
121, 2, 17.6278
122, 2, 17.2847
123, 2, 16.9155
124, 2, 16.7570
125, 2, 16.6015
126, 2, 16.4392
127, 2, 16.2125
128, 2, 17.5580
129, 2, 17.5136
130, 2, 17.3347
131, 2, 17.0278
132, 2, 16.7387
133, 2, 16.5251
134, 2, 16.4124
135, 2, 16.2347
136, 2, 17.4527
137, 2, 17.4929
138, 2, 17.1445
139, 2, 16.9505
140, 2, 16.7675
141, 2, 16.5406
142, 2, 16.2606
143, 2, 16.1501
144, 2, 17.5404
145, 2, 17.5799
146, 2, 17.2654
147, 2, 16.9184
148, 2, 16.7134
149, 2, 16.5471
150, 2, 16.2844
151, 2, 16.2112
152, 2, 17.6021
153, 2, 17.6576
154, 2, 17.3397
155, 2, 16.8480
156, 2, 16.8703
157, 2, 16.7045
158, 2, 16.3216
159, 2, 16.3314
160, 2, 17.6171
161, 2, 17.6042
162, 2, 17.2522
163, 2, 17.0778
164, 2, 16.8024
165, 2, 16.5334
166, 2, 16.3037
167, 2, 16.1571
168, 2, 17.5180
169, 2, 17.4207
170, 2, 17.1796
171, 2, 16.8931
172, 2, 16.6072
173, 2, 16.5527
174, 2, 16.2686
175, 2, 16.2040
176, 2, 17.5518
177, 2, 17.4079
178, 2, 17.1734
179, 2, 16.8593
180, 2, 16.7237
181, 2, 16.4727
182, 2, 16.2370
183, 2, 16.1275
184, 2, 17.4594
185, 2, 17.4269
186, 2, 17.2446
187, 2, 16.9630
188, 2, 16.7211
189, 2, 16.4742
190, 2, 16.2367
191, 2, 16.1231
192, 2, 17.4558
193, 2, 17.4144
194, 2, 17.2063
195, 2, 17.0745
196, 2, 16.7962
197, 2, 16.4564
198, 2, 16.3013
199, 2, 16.1081
200, 2, 17.6023
201, 2, 17.4802
202, 2, 17.0941
203, 2, 16.9086
204, 2, 16.6006
205, 2, 16.4756
206, 2, 16.2598
207, 2, 16.0516
208, 2, 17.3250
209, 2, 17.2099
210, 2, 17.1627
211, 2, 16.9962
212, 2, 16.7201
213, 2, 16.5923
214, 2, 16.3652
215, 2, 16.4227
216, 2, 17.8354
217, 2, 17.7677
218, 2, 17.3433
219, 2, 17.1523
220, 2, 16.7810
221, 2, 16.7392
222, 2, 16.3933
223, 2, 16.4582
224, 2, 17.6597
225, 2, 17.6686
226, 2, 17.3962
227, 2, 17.0882
228, 2, 16.8305
229, 2, 16.5794
230, 2, 16.3488
231, 2, 16.3760
232, 2, 17.7703
233, 2, 17.5597
234, 2, 17.3726
235, 2, 17.1446
236, 2, 16.8585
237, 2, 16.7203
238, 2, 16.3752
239, 2, 16.2884
240, 2, 17.7628
241, 2, 17.4936
242, 2, 17.2857
243, 2, 17.0161
244, 2, 16.7238
245, 2, 16.5810
246, 2, 16.3748
247, 2, 16.3722
248, 2, 17.7289
249, 2, 17.5413
250, 2, 17.2511
1, 3, 16.5985
2, 3, 17.2655
3, 3, 17.1910
4, 3, 16.7133
5, 3, 16.6252
6, 3, 16.3139
7, 3, 16.6373
8, 3, 18.4784
9, 3, 18.2547
10, 3, 17.9533
11, 3, 17.5489
12, 3, 17.1756
13, 3, 17.0975
14, 3, 16.7926
15, 3, 16.5176
16, 3, 18.3431
17, 3, 18.1404
18, 3, 17.9158
19, 3, 17.5456
20, 3, 17.1541
21, 3, 17.1584
22, 3, 16.8746
23, 3, 16.4365
24, 3, 18.1897
25, 3, 18.2374
26, 3, 17.7926
27, 3, 17.6488
28, 3, 17.3160
29, 3, 17.0312
30, 3, 16.8553
31, 3, 16.5402
32, 3, 18.2217
33, 3, 18.1039
34, 3, 17.7699
35, 3, 17.6049
36, 3, 17.2543
37, 3, 16.9853
38, 3, 16.8285
39, 3, 16.4655
40, 3, 17.9258
41, 3, 18.2315
42, 3, 17.9187
43, 3, 17.6732
44, 3, 17.2873
45, 3, 17.0781
46, 3, 16.8240
47, 3, 16.4489
48, 3, 18.1100
49, 3, 18.0650
50, 3, 17.8162
51, 3, 17.5875
52, 3, 17.3199
53, 3, 17.1148
54, 3, 16.7612
55, 3, 16.2579
56, 3, 18.1175
57, 3, 18.0605
58, 3, 17.7015
59, 3, 17.4627
60, 3, 17.2413
61, 3, 16.9725
62, 3, 16.7169
63, 3, 16.4212
64, 3, 18.0044
65, 3, 18.0906
66, 3, 17.8144
67, 3, 17.5421
68, 3, 17.1846
69, 3, 16.9163
70, 3, 16.7330
71, 3, 16.2648
72, 3, 18.0823
73, 3, 18.0074
74, 3, 17.6915
75, 3, 17.4620
76, 3, 17.2763
77, 3, 17.0017
78, 3, 16.7208
79, 3, 16.3382
80, 3, 18.0214
81, 3, 17.8901
82, 3, 17.6292
83, 3, 17.4085
84, 3, 17.1028
85, 3, 16.8784
86, 3, 16.6265
87, 3, 16.2332
88, 3, 18.0355
89, 3, 17.9410
90, 3, 17.5925
91, 3, 17.3121
92, 3, 17.1997
93, 3, 17.0968
94, 3, 16.6315
95, 3, 16.1913
96, 3, 17.9678
97, 3, 17.9046
98, 3, 17.7164
99, 3, 17.4436
100, 3, 17.0529
101, 3, 16.8106
102, 3, 16.6125
103, 3, 16.1329
104, 3, 17.7993
105, 3, 18.0025
106, 3, 17.6175
107, 3, 17.3700
108, 3, 16.4343
109, 3, 16.8743
110, 3, 16.6406
111, 3, 16.2132
112, 3, 18.0723
113, 3, 18.1139
114, 3, 17.6293
115, 3, 17.4092
116, 3, 17.1853
117, 3, 16.9063
118, 3, 16.4975
119, 3, 16.4645
120, 3, 18.0556
121, 3, 18.0183
122, 3, 17.6932
123, 3, 17.3123
124, 3, 17.0900
125, 3, 16.9763
126, 3, 16.7416
127, 3, 16.2125
128, 3, 17.8987
129, 3, 17.9335
130, 3, 17.7415
131, 3, 17.4112
132, 3, 17.1226
133, 3, 16.8799
134, 3, 16.7382
135, 3, 16.2347
136, 3, 17.7929
137, 3, 17.8964
138, 3, 17.5311
139, 3, 17.3661
140, 3, 17.1111
141, 3, 16.8919
142, 3, 16.5767
143, 3, 16.1501
144, 3, 17.8927
145, 3, 18.0065
146, 3, 17.6686
147, 3, 17.3167
148, 3, 17.0664
149, 3, 16.8765
150, 3, 16.6361
151, 3, 16.2112
152, 3, 17.9513
153, 3, 18.0485
154, 3, 17.7396
155, 3, 17.2210
156, 3, 17.2373
157, 3, 17.0423
158, 3, 16.6809
159, 3, 16.3314
160, 3, 17.9518
161, 3, 17.9882
162, 3, 17.6363
163, 3, 17.4539
164, 3, 17.1702
165, 3, 16.8424
166, 3, 16.6336
167, 3, 16.1571
168, 3, 17.8829
169, 3, 17.8105
170, 3, 17.5827
171, 3, 17.2495
172, 3, 16.9915
173, 3, 16.9036
174, 3, 16.6468
175, 3, 16.2040
176, 3, 17.8941
177, 3, 17.8248
178, 3, 17.5828
179, 3, 17.2728
180, 3, 17.0665
181, 3, 16.8132
182, 3, 16.5399
183, 3, 16.1275
184, 3, 17.8289
185, 3, 17.8403
186, 3, 17.6219
187, 3, 17.3253
188, 3, 17.0896
189, 3, 16.8249
190, 3, 16.5771
191, 3, 16.1231
192, 3, 17.8037
193, 3, 17.7863
194, 3, 17.6116
195, 3, 17.4491
196, 3, 17.1221
197, 3, 16.7715
198, 3, 16.6358
199, 3, 16.1081
200, 3, 17.9224
201, 3, 17.8787
202, 3, 17.4857
203, 3, 17.2316
204, 3, 17.0009
205, 3, 16.8022
206, 3, 16.5719
207, 3, 16.0516
208, 3, 17.6717
209, 3, 17.6350
210, 3, 17.5567
211, 3, 17.4096
212, 3, 17.0918
213, 3, 16.9091
214, 3, 16.6777
215, 3, 16.4227
216, 3, 18.1826
217, 3, 18.1926
218, 3, 17.7684
219, 3, 17.5282
220, 3, 17.1527
221, 3, 17.0736
222, 3, 16.6927
223, 3, 16.4582
224, 3, 17.9647
225, 3, 18.1121
226, 3, 17.8150
227, 3, 17.4315
228, 3, 17.1974
229, 3, 16.9309
230, 3, 16.6310
231, 3, 16.3760
232, 3, 18.1004
233, 3, 17.9062
234, 3, 17.7420
235, 3, 17.4775
236, 3, 17.2119
237, 3, 17.0336
238, 3, 16.6740
239, 3, 16.2884
240, 3, 18.0972
241, 3, 17.8758
242, 3, 17.6805
243, 3, 17.3524
244, 3, 17.1049
245, 3, 16.9313
246, 3, 16.6599
247, 3, 16.3722
248, 3, 18.0539
249, 3, 17.9115
250, 3, 17.6062
1, 4, 17.1504
2, 4, 17.5884
3, 4, 17.4444
4, 4, 17.0138
5, 4, 16.8722
6, 4, 16.4743
7, 4, 16.6373
8, 4, 18.8290
9, 4, 18.6093
10, 4, 18.3704
11, 4, 17.9803
12, 4, 17.5670
13, 4, 17.3708
14, 4, 17.1033
15, 4, 16.5176
16, 4, 18.7339
17, 4, 18.5009
18, 4, 18.3433
19, 4, 17.9290
20, 4, 17.4212
21, 4, 17.3430
22, 4, 17.1080
23, 4, 16.4365
24, 4, 18.5404
25, 4, 18.6484
26, 4, 18.2214
27, 4, 18.0375
28, 4, 17.6624
29, 4, 17.1969
30, 4, 17.1505
31, 4, 16.5402
32, 4, 18.5845
33, 4, 18.5324
34, 4, 17.9826
35, 4, 17.9254
36, 4, 17.5730
37, 4, 17.2290
38, 4, 17.1704
39, 4, 16.4655
40, 4, 18.3088
41, 4, 18.4897
42, 4, 18.2683
43, 4, 18.0314
44, 4, 17.5566
45, 4, 17.2675
46, 4, 17.2022
47, 4, 16.4489
48, 4, 18.4263
49, 4, 18.2957
50, 4, 18.1458
51, 4, 17.9984
52, 4, 17.6185
53, 4, 17.3693
54, 4, 17.0059
55, 4, 16.2579
56, 4, 18.4617
57, 4, 18.4317
58, 4, 18.0193
59, 4, 17.7031
60, 4, 17.5114
61, 4, 17.1899
62, 4, 16.8897
63, 4, 16.4212
64, 4, 18.3366
65, 4, 18.4748
66, 4, 18.1136
67, 4, 17.9060
68, 4, 17.5874
69, 4, 17.1712
70, 4, 17.0428
71, 4, 16.2648
72, 4, 18.3926
73, 4, 18.3732
74, 4, 18.1022
75, 4, 17.8368
76, 4, 17.5408
77, 4, 17.2439
78, 4, 16.9993
79, 4, 16.3382
80, 4, 18.4185
81, 4, 18.3199
82, 4, 18.0334
83, 4, 17.8383
84, 4, 17.4482
85, 4, 17.2328
86, 4, 16.9708
87, 4, 16.2332
88, 4, 18.4268
89, 4, 18.3684
90, 4, 18.0371
91, 4, 17.6261
92, 4, 17.5064
93, 4, 17.3114
94, 4, 16.9858
95, 4, 16.1913
96, 4, 18.2768
97, 4, 18.2980
98, 4, 18.1074
99, 4, 17.7836
100, 4, 17.3963
101, 4, 17.0860
102, 4, 16.9706
103, 4, 16.1329
104, 4, 17.9406
105, 4, 18.3318
106, 4, 18.0394
107, 4, 17.8045
108, 4, 17.3262
109, 4, 17.2019
110, 4, 17.0221
111, 4, 16.2132
112, 4, 18.4041
113, 4, 18.4767
114, 4, 18.0414
115, 4, 17.6823
116, 4, 17.5345
117, 4, 17.1452
118, 4, 16.7782
119, 4, 16.4645
120, 4, 18.4210
121, 4, 18.4210
122, 4, 18.1296
123, 4, 17.5728
124, 4, 16.3265
125, 4, 16.2661
126, 4, 16.9892
127, 4, 16.2125
128, 4, 18.2945
129, 4, 18.3162
130, 4, 18.1577
131, 4, 17.8274
132, 4, 17.4987
133, 4, 17.1252
134, 4, 16.9743
135, 4, 16.2347
136, 4, 18.2178
137, 4, 18.3470
138, 4, 18.0141
139, 4, 17.7776
140, 4, 17.4758
141, 4, 17.1711
142, 4, 16.9596
143, 4, 16.1501
144, 4, 18.1801
145, 4, 18.3349
146, 4, 18.0317
147, 4, 17.6829
148, 4, 17.4000
149, 4, 17.1335
150, 4, 16.8575
151, 4, 16.2112
152, 4, 18.3645
153, 4, 18.2977
154, 4, 18.1837
155, 4, 17.6673
156, 4, 17.4980
157, 4, 17.2902
158, 4, 16.9821
159, 4, 16.3314
160, 4, 18.3598
161, 4, 18.4067
162, 4, 18.0575
163, 4, 17.8741
164, 4, 17.5153
165, 4, 17.1137
166, 4, 16.9685
167, 4, 16.1571
168, 4, 18.3403
169, 4, 18.1867
170, 4, 17.9327
171, 4, 17.6876
172, 4, 17.3538
173, 4, 17.0665
174, 4, 16.9921
175, 4, 16.2040
176, 4, 18.2502
177, 4, 18.2539
178, 4, 17.7465
179, 4, 17.6245
180, 4, 17.3861
181, 4, 17.0457
182, 4, 16.8416
183, 4, 16.1275
184, 4, 18.2294
185, 4, 18.2213
186, 4, 18.0120
187, 4, 17.7303
188, 4, 17.2945
189, 4, 17.0672
190, 4, 16.9005
191, 4, 16.1231
192, 4, 18.2178
193, 4, 18.1455
194, 4, 17.9354
195, 4, 17.7880
196, 4, 17.4354
197, 4, 17.0540
198, 4, 16.9250
199, 4, 16.1081
200, 4, 18.2965
201, 4, 18.2757
202, 4, 17.8173
203, 4, 17.5462
204, 4, 17.3214
205, 4, 17.0619
206, 4, 16.8946
207, 4, 16.0516
208, 4, 18.0473
209, 4, 18.0365
210, 4, 17.7937
211, 4, 17.7620
212, 4, 17.4599
213, 4, 17.0030
214, 4, 16.9685
215, 4, 16.4227
216, 4, 18.5494
217, 4, 18.3366
218, 4, 18.0470
219, 4, 17.8481
220, 4, 17.4790
221, 4, 17.3425
222, 4, 16.8662
223, 4, 16.4582
224, 4, 18.3119
225, 4, 18.2300
226, 4, 18.1283
227, 4, 17.7595
228, 4, 17.4592
229, 4, 17.1760
230, 4, 16.9609
231, 4, 16.3760
232, 4, 18.3460
233, 4, 18.0968
234, 4, 18.0605
235, 4, 17.8292
236, 4, 17.5385
237, 4, 17.2325
238, 4, 16.9682
239, 4, 16.2884
240, 4, 18.4388
241, 4, 18.2481
242, 4, 18.1074
243, 4, 17.7407
244, 4, 17.3666
245, 4, 17.1485
246, 4, 16.9882
247, 4, 16.3722
248, 4, 17.9756
249, 4, 18.2687
250, 4, 17.8661
1, 5, 17.3218
2, 5, 18.1448
3, 5, 18.1755
4, 5, 17.8423
5, 5, 17.9070
6, 5, 17.6355
7, 5, 16.6373
8, 5, 19.1894
9, 5, 19.1251
10, 5, 18.8642
11, 5, 18.5284
12, 5, 18.2597
13, 5, 18.2303
14, 5, 17.9132
15, 5, 16.5176
16, 5, 19.1063
17, 5, 19.0078
18, 5, 18.8323
19, 5, 18.5025
20, 5, 18.1462
21, 5, 18.1325
22, 5, 17.8712
23, 5, 16.4365
24, 5, 18.9417
25, 5, 19.2239
26, 5, 18.7310
27, 5, 18.6327
28, 5, 18.3842
29, 5, 18.0367
30, 5, 17.9118
31, 5, 16.5402
32, 5, 18.9679
33, 5, 19.0565
34, 5, 18.4805
35, 5, 18.4715
36, 5, 18.2270
37, 5, 18.0296
38, 5, 17.9155
39, 5, 16.4655
40, 5, 18.6799
41, 5, 19.0101
42, 5, 18.7005
43, 5, 18.5203
44, 5, 18.1476
45, 5, 18.0020
46, 5, 17.9759
47, 5, 16.4489
48, 5, 18.7885
49, 5, 18.8557
50, 5, 18.6068
51, 5, 18.5411
52, 5, 18.3075
53, 5, 18.1857
54, 5, 17.7760
55, 5, 16.2579
56, 5, 18.8415
57, 5, 18.9408
58, 5, 18.4325
59, 5, 18.3012
60, 5, 18.1764
61, 5, 17.9570
62, 5, 17.6098
63, 5, 16.4212
64, 5, 18.6873
65, 5, 19.0372
66, 5, 18.6540
67, 5, 18.4638
68, 5, 18.2733
69, 5, 17.9120
70, 5, 17.8724
71, 5, 16.2648
72, 5, 18.8303
73, 5, 18.9124
74, 5, 18.5917
75, 5, 18.4019
76, 5, 18.2213
77, 5, 18.0238
78, 5, 17.8266
79, 5, 16.3382
80, 5, 18.8358
81, 5, 18.8794
82, 5, 18.4697
83, 5, 18.3950
84, 5, 18.1773
85, 5, 18.0252
86, 5, 17.8339
87, 5, 16.2332
88, 5, 18.8259
89, 5, 18.9345
90, 5, 18.5712
91, 5, 18.1536
92, 5, 18.1899
93, 5, 18.1179
94, 5, 17.7883
95, 5, 16.1913
96, 5, 18.7044
97, 5, 18.8640
98, 5, 18.4966
99, 5, 18.3250
100, 5, 18.0372
101, 5, 17.8918
102, 5, 17.7047
103, 5, 16.1329
104, 5, 18.4416
105, 5, 18.8551
106, 5, 18.4889
107, 5, 18.3172
108, 5, 17.7389
109, 5, 17.9162
110, 5, 17.8525
111, 5, 16.2132
112, 5, 18.8241
113, 5, 18.9870
114, 5, 18.5649
115, 5, 18.2235
116, 5, 18.1595
117, 5, 17.9599
118, 5, 17.5923
119, 5, 16.4645
120, 5, 18.7827
121, 5, 18.9474
122, 5, 18.6557
123, 5, 18.3191
124, 5, 18.1927
125, 5, 17.9128
126, 5, 17.8115
127, 5, 16.2125
128, 5, 18.7031
129, 5, 18.8814
130, 5, 18.6660
131, 5, 18.3991
132, 5, 18.2224
133, 5, 17.9465
134, 5, 17.7375
135, 5, 16.2347
136, 5, 17.4337
137, 5, 18.5544
138, 5, 18.4813
139, 5, 17.7865
140, 5, 16.7881
141, 5, 16.9337
142, 5, 17.7046
143, 5, 16.1501
144, 5, 18.6264
145, 5, 18.8547
146, 5, 18.5188
147, 5, 18.2162
148, 5, 18.0771
149, 5, 17.9447
150, 5, 17.6338
151, 5, 16.2112
152, 5, 18.7511
153, 5, 18.9207
154, 5, 18.7212
155, 5, 18.2381
156, 5, 18.1447
157, 5, 18.0659
158, 5, 17.7501
159, 5, 16.3314
160, 5, 18.7545
161, 5, 19.0001
162, 5, 18.5728
163, 5, 18.4525
164, 5, 18.2567
165, 5, 17.9691
166, 5, 17.7600
167, 5, 16.1571
168, 5, 18.7243
169, 5, 18.7630
170, 5, 18.4776
171, 5, 18.3187
172, 5, 18.1016
173, 5, 17.8825
174, 5, 17.8058
175, 5, 16.2040
176, 5, 18.6373
177, 5, 18.7811
178, 5, 18.2731
179, 5, 18.0960
180, 5, 18.0203
181, 5, 17.8192
182, 5, 17.5863
183, 5, 16.1275
184, 5, 18.6349
185, 5, 18.7697
186, 5, 18.5746
187, 5, 18.3165
188, 5, 17.9515
189, 5, 17.8071
190, 5, 17.6086
191, 5, 16.1231
192, 5, 18.6327
193, 5, 18.6500
194, 5, 18.4769
195, 5, 18.3403
196, 5, 18.0993
197, 5, 17.8352
198, 5, 17.6633
199, 5, 16.1081
200, 5, 18.7137
201, 5, 18.8036
202, 5, 18.2715
203, 5, 18.0737
204, 5, 17.9229
205, 5, 17.7855
206, 5, 17.6141
207, 5, 16.0516
208, 5, 18.4471
209, 5, 18.5707
210, 5, 18.3728
211, 5, 18.2848
212, 5, 18.0828
213, 5, 17.7834
214, 5, 17.7225
215, 5, 16.4227
216, 5, 18.9535
217, 5, 18.8883
218, 5, 18.5160
219, 5, 18.3679
220, 5, 18.1010
221, 5, 18.1695
222, 5, 17.6340
223, 5, 16.4582
224, 5, 18.7156
225, 5, 18.8070
226, 5, 18.5913
227, 5, 18.3366
228, 5, 18.1285
229, 5, 17.9028
230, 5, 17.7449
231, 5, 16.3760
232, 5, 18.6848
233, 5, 18.6082
234, 5, 18.5086
235, 5, 18.3184
236, 5, 18.1370
237, 5, 18.0301
238, 5, 17.7735
239, 5, 16.2884
240, 5, 18.8573
241, 5, 18.7914
242, 5, 18.5926
243, 5, 18.2435
244, 5, 18.0665
245, 5, 17.9473
246, 5, 17.7516
247, 5, 16.3722
248, 5, 18.8576
249, 5, 18.8718
250, 5, 18.4488
