Frame Index, Action Index, SSIM (dB)
1, 0, 16.8027
2, 0, 17.1532
3, 0, 16.7311
4, 0, 15.8881
5, 0, 15.4341
6, 0, 14.8470
7, 0, 16.6373
8, 0, 17.1844
9, 0, 16.5449
10, 0, 16.0361
11, 0, 15.3919
12, 0, 14.6981
13, 0, 14.2447
14, 0, 13.8356
15, 0, 16.5176
16, 0, 17.1021
17, 0, 16.4451
18, 0, 16.0150
19, 0, 15.3387
20, 0, 14.7066
21, 0, 14.3395
22, 0, 13.9484
23, 0, 16.4365
24, 0, 16.8080
25, 0, 16.4546
26, 0, 15.7778
27, 0, 15.3658
28, 0, 14.8040
29, 0, 14.2191
30, 0, 13.8847
31, 0, 16.5402
32, 0, 16.8881
33, 0, 16.4048
34, 0, 15.9245
35, 0, 15.3783
36, 0, 14.7626
37, 0, 14.2056
38, 0, 13.8508
39, 0, 16.4655
40, 0, 16.5902
41, 0, 16.5275
42, 0, 15.9479
43, 0, 15.3873
44, 0, 14.7335
45, 0, 14.1968
46, 0, 13.8215
47, 0, 16.4489
48, 0, 16.7655
49, 0, 16.4076
50, 0, 15.8875
51, 0, 15.4080
52, 0, 14.7437
53, 0, 14.2384
54, 0, 13.8527
55, 0, 16.2579
56, 0, 16.8253
57, 0, 16.3668
58, 0, 15.7519
59, 0, 15.2962
60, 0, 14.7142
61, 0, 14.2211
62, 0, 13.8851
63, 0, 16.4212
64, 0, 16.5827
65, 0, 16.2124
66, 0, 15.8082
67, 0, 15.2534
68, 0, 14.6349
69, 0, 14.1150
70, 0, 13.8299
71, 0, 16.2648
72, 0, 16.7468
73, 0, 16.3105
74, 0, 15.7114
75, 0, 15.1741
76, 0, 14.6942
77, 0, 14.1451
78, 0, 13.7557
79, 0, 16.3382
80, 0, 16.6612
81, 0, 16.1334
82, 0, 15.6503
83, 0, 15.1117
84, 0, 14.5784
85, 0, 14.1000
86, 0, 13.7154
87, 0, 16.2332
88, 0, 16.8422
89, 0, 16.4056
90, 0, 15.8720
91, 0, 15.2289
92, 0, 14.6831
93, 0, 14.3034
94, 0, 13.7024
95, 0, 16.1913
96, 0, 16.5988
97, 0, 16.1892
98, 0, 15.6900
99, 0, 14.7397
100, 0, 13.9019
101, 0, 14.0065
102, 0, 13.6901
103, 0, 16.1329
104, 0, 16.4150
105, 0, 16.1966
106, 0, 15.5935
107, 0, 15.0815
108, 0, 14.5742
109, 0, 14.1292
110, 0, 13.7442
111, 0, 16.2132
112, 0, 16.7541
113, 0, 16.3651
114, 0, 15.6228
115, 0, 15.1609
116, 0, 14.6784
117, 0, 14.1597
118, 0, 13.5693
119, 0, 16.4645
120, 0, 16.6829
121, 0, 16.2542
122, 0, 15.6645
123, 0, 15.0239
124, 0, 14.5357
125, 0, 14.1065
126, 0, 13.7247
127, 0, 16.2125
128, 0, 16.5511
129, 0, 16.1683
130, 0, 15.7400
131, 0, 15.1221
132, 0, 14.5119
133, 0, 14.0111
134, 0, 13.7571
135, 0, 16.2347
136, 0, 16.2971
137, 0, 16.0429
138, 0, 15.2300
139, 0, 14.4602
140, 0, 13.6996
141, 0, 13.1359
142, 0, 12.7779
143, 0, 16.1501
144, 0, 15.9120
145, 0, 16.1388
146, 0, 15.1367
147, 0, 14.4665
148, 0, 13.7425
149, 0, 13.2558
150, 0, 13.3163
151, 0, 16.2112
152, 0, 16.6930
153, 0, 16.0724
154, 0, 15.3888
155, 0, 14.3378
156, 0, 13.7252
157, 0, 13.3835
158, 0, 12.7755
159, 0, 16.3314
160, 0, 16.0879
161, 0, 15.8323
162, 0, 14.9153
163, 0, 14.4949
164, 0, 13.6482
165, 0, 13.9605
166, 0, 13.2301
167, 0, 16.1571
168, 0, 16.1796
169, 0, 15.5199
170, 0, 14.9520
171, 0, 14.2112
172, 0, 13.7562
173, 0, 13.2498
174, 0, 12.7213
175, 0, 16.2040
176, 0, 16.4887
177, 0, 15.8394
178, 0, 14.7760
179, 0, 14.1230
180, 0, 14.4952
181, 0, 13.8694
182, 0, 13.3194
183, 0, 16.1275
184, 0, 16.1558
185, 0, 15.3788
186, 0, 15.0048
187, 0, 14.4991
188, 0, 13.9219
189, 0, 13.4012
190, 0, 13.4277
191, 0, 16.1231
192, 0, 16.3733
193, 0, 15.4793
194, 0, 15.0455
195, 0, 14.9233
196, 0, 14.2431
197, 0, 13.7504
198, 0, 13.4805
199, 0, 16.1081
200, 0, 16.3049
201, 0, 16.1831
202, 0, 14.9156
203, 0, 14.5252
204, 0, 13.9503
205, 0, 13.4486
206, 0, 13.5838
207, 0, 16.0516
208, 0, 15.6129
209, 0, 14.6783
210, 0, 14.1751
211, 0, 13.9501
212, 0, 13.5820
213, 0, 12.8805
214, 0, 12.6466
215, 0, 16.4227
216, 0, 16.9431
217, 0, 16.4414
218, 0, 15.2555
219, 0, 14.6494
220, 0, 13.8008
221, 0, 13.6807
222, 0, 12.9915
223, 0, 16.4582
224, 0, 15.8073
225, 0, 15.2805
226, 0, 15.6530
227, 0, 14.8715
228, 0, 14.1849
229, 0, 13.4846
230, 0, 12.8278
231, 0, 16.3760
232, 0, 16.2082
233, 0, 15.2200
234, 0, 14.7136
235, 0, 14.2411
236, 0, 13.8555
237, 0, 13.5285
238, 0, 12.9562
239, 0, 16.2884
240, 0, 16.4318
241, 0, 15.4501
242, 0, 15.1582
243, 0, 14.2542
244, 0, 14.5080
245, 0, 13.8036
246, 0, 13.4295
247, 0, 16.3722
248, 0, 16.5878
249, 0, 15.9573
250, 0, 15.0784
1, 1, 11.9626
2, 1, 12.5445
3, 1, 12.8316
4, 1, 13.0543
5, 1, 14.1166
6, 1, 13.6025
7, 1, 16.6373
8, 1, 17.1579
9, 1, 16.4236
10, 1, 16.0358
11, 1, 15.5722
12, 1, 15.1337
13, 1, 14.8125
14, 1, 14.2791
15, 1, 16.5176
16, 1, 16.9907
17, 1, 16.0642
18, 1, 16.8618
19, 1, 15.3922
20, 1, 14.9999
21, 1, 14.8975
22, 1, 14.4824
23, 1, 16.4365
24, 1, 16.8934
25, 1, 16.5286
26, 1, 16.3772
27, 1, 15.6313
28, 1, 15.1267
29, 1, 14.6123
30, 1, 14.3511
31, 1, 16.5402
32, 1, 16.6936
33, 1, 16.2841
34, 1, 14.9609
35, 1, 14.9625
36, 1, 14.9086
37, 1, 14.5391
38, 1, 14.3660
39, 1, 16.4655
40, 1, 16.5096
41, 1, 17.2204
42, 1, 16.4294
43, 1, 15.9595
44, 1, 15.0192
45, 1, 14.7068
46, 1, 14.6947
47, 1, 16.4489
48, 1, 16.2829
49, 1, 16.1792
50, 1, 15.7376
51, 1, 15.4867
52, 1, 14.7803
53, 1, 14.5492
54, 1, 15.5249
55, 1, 16.2579
56, 1, 17.3656
57, 1, 17.1059
58, 1, 16.6972
59, 1, 16.4136
60, 1, 16.0383
61, 1, 15.6668
62, 1, 15.5587
63, 1, 16.4212
64, 1, 17.1651
65, 1, 17.0438
66, 1, 16.8133
67, 1, 16.4681
68, 1, 15.5400
69, 1, 15.5726
70, 1, 15.5465
71, 1, 16.2648
72, 1, 17.3349
73, 1, 17.0627
74, 1, 16.6992
75, 1, 16.3439
76, 1, 16.0952
77, 1, 15.6826
78, 1, 15.4525
79, 1, 16.3382
80, 1, 16.2169
81, 1, 15.4846
82, 1, 16.5370
83, 1, 16.2992
84, 1, 15.9066
85, 1, 15.5989
86, 1, 15.3976
87, 1, 16.2332
88, 1, 17.2840
89, 1, 17.0149
90, 1, 16.6746
91, 1, 16.3263
92, 1, 16.0267
93, 1, 15.7863
94, 1, 15.3849
95, 1, 16.1913
96, 1, 17.1967
97, 1, 16.9141
98, 1, 16.6899
99, 1, 16.3480
100, 1, 15.8473
101, 1, 15.5148
102, 1, 14.3630
103, 1, 16.1329
104, 1, 17.0121
105, 1, 16.9786
106, 1, 16.5629
107, 1, 16.2770
108, 1, 15.9495
109, 1, 15.6046
110, 1, 15.4290
111, 1, 16.2132
112, 1, 17.3100
113, 1, 17.1000
114, 1, 16.5923
115, 1, 16.3640
116, 1, 16.0769
117, 1, 15.6661
118, 1, 15.2716
119, 1, 16.4645
120, 1, 17.2306
121, 1, 17.0387
122, 1, 16.6428
123, 1, 16.2241
124, 1, 15.8914
125, 1, 15.6431
126, 1, 15.4564
127, 1, 16.2125
128, 1, 17.1018
129, 1, 16.9297
130, 1, 16.7063
131, 1, 16.3011
132, 1, 15.8760
133, 1, 15.4679
134, 1, 15.4465
135, 1, 16.2347
136, 1, 17.0080
137, 1, 16.8818
138, 1, 16.5086
139, 1, 16.2329
140, 1, 15.9224
141, 1, 15.6065
142, 1, 15.3576
143, 1, 16.1501
144, 1, 17.0743
145, 1, 16.9793
146, 1, 16.6448
147, 1, 16.2058
148, 1, 15.9039
149, 1, 15.5781
150, 1, 15.3953
151, 1, 16.2112
152, 1, 17.1517
153, 1, 17.0793
154, 1, 16.3804
155, 1, 15.5725
156, 1, 15.4776
157, 1, 15.7288
158, 1, 15.3992
159, 1, 16.3314
160, 1, 17.1606
161, 1, 17.0171
162, 1, 16.0318
163, 1, 16.3626
164, 1, 16.0099
165, 1, 15.5584
166, 1, 15.3622
167, 1, 16.1571
168, 1, 17.1002
169, 1, 16.7987
170, 1, 16.5438
171, 1, 16.2253
172, 1, 15.8324
173, 1, 15.6024
174, 1, 15.3491
175, 1, 16.2040
176, 1, 17.1198
177, 1, 16.8288
178, 1, 16.5847
179, 1, 16.1455
180, 1, 15.9287
181, 1, 15.5746
182, 1, 15.3284
183, 1, 16.1275
184, 1, 17.0491
185, 1, 16.8263
186, 1, 16.6302
187, 1, 16.2349
188, 1, 15.9458
189, 1, 15.5158
190, 1, 15.3428
191, 1, 16.1231
192, 1, 17.0333
193, 1, 16.7915
194, 1, 16.6406
195, 1, 16.4022
196, 1, 16.0179
197, 1, 15.4994
198, 1, 15.4168
199, 1, 16.1081
200, 1, 17.1588
201, 1, 16.9268
202, 1, 16.4432
203, 1, 16.2254
204, 1, 15.8578
205, 1, 15.5618
206, 1, 15.3091
207, 1, 16.0516
208, 1, 16.8982
209, 1, 16.5778
210, 1, 16.4975
211, 1, 16.2750
212, 1, 15.8904
213, 1, 15.6618
214, 1, 15.4167
215, 1, 16.4227
216, 1, 17.4593
217, 1, 17.2243
218, 1, 16.7391
219, 1, 16.4333
220, 1, 15.9781
221, 1, 15.7071
222, 1, 15.4546
223, 1, 16.4582
224, 1, 17.1969
225, 1, 17.0719
226, 1, 16.7715
227, 1, 16.3735
228, 1, 16.0608
229, 1, 15.6757
230, 1, 15.4549
231, 1, 16.3760
232, 1, 17.3707
233, 1, 16.9708
234, 1, 16.7822
235, 1, 16.4613
236, 1, 16.0778
237, 1, 15.7484
238, 1, 15.4530
239, 1, 16.2884
240, 1, 17.3576
241, 1, 16.9254
242, 1, 16.6965
243, 1, 16.2654
244, 1, 15.9852
245, 1, 15.6625
246, 1, 15.4347
247, 1, 16.3722
248, 1, 17.0040
249, 1, 16.8074
250, 1, 16.0948
1, 2, 13.3560
2, 2, 16.3146
3, 2, 16.4607
4, 2, 16.0619
5, 2, 15.9962
6, 2, 15.7173
7, 2, 16.6373
8, 2, 18.1547
9, 2, 17.8432
10, 2, 17.5625
11, 2, 17.2025
12, 2, 16.8036
13, 2, 16.7859
14, 2, 16.5114
15, 2, 16.5176
16, 2, 18.0292
17, 2, 17.7461
18, 2, 17.5380
19, 2, 17.2296
20, 2, 16.7987
21, 2, 16.8020
22, 2, 16.5437
23, 2, 16.4365
24, 2, 17.9080
25, 2, 17.8751
26, 2, 17.4322
27, 2, 17.3131
28, 2, 16.9835
29, 2, 16.7081
30, 2, 16.5493
31, 2, 16.5402
32, 2, 17.8936
33, 2, 17.7317
34, 2, 17.3935
35, 2, 17.2336
36, 2, 16.9085
37, 2, 16.6764
38, 2, 16.4994
39, 2, 16.4655
40, 2, 17.5900
41, 2, 17.8717
42, 2, 17.5639
43, 2, 17.3246
44, 2, 16.9298
45, 2, 16.7009
46, 2, 16.4824
47, 2, 16.4489
48, 2, 17.7803
49, 2, 17.6300
50, 2, 17.3815
51, 2, 17.2265
52, 2, 16.9657
53, 2, 16.6283
54, 2, 16.3597
55, 2, 16.2579
56, 2, 17.7714
57, 2, 17.6537
58, 2, 17.3209
59, 2, 17.0917
60, 2, 16.8377
61, 2, 16.6411
62, 2, 16.4171
63, 2, 16.4212
64, 2, 17.6680
65, 2, 17.6815
66, 2, 17.4300
67, 2, 17.1622
68, 2, 16.8291
69, 2, 16.5723
70, 2, 16.3954
71, 2, 16.2648
72, 2, 17.7662
73, 2, 17.6179
74, 2, 17.2976
75, 2, 17.0528
76, 2, 16.9028
77, 2, 16.6268
78, 2, 16.3853
79, 2, 16.3382
80, 2, 17.6608
81, 2, 17.5090
82, 2, 17.2626
83, 2, 17.0233
84, 2, 16.7068
85, 2, 16.5376
86, 2, 16.3249
87, 2, 16.2332
88, 2, 17.7015
89, 2, 17.5471
90, 2, 17.2186
91, 2, 17.0171
92, 2, 16.8262
93, 2, 16.7610
94, 2, 16.3213
95, 2, 16.1913
96, 2, 17.6354
97, 2, 17.5010
98, 2, 17.3111
99, 2, 17.0342
100, 2, 16.6537
101, 2, 16.4615
102, 2, 16.2967
103, 2, 16.1329
104, 2, 17.4624
105, 2, 17.5749
106, 2, 17.1850
107, 2, 17.0061
108, 2, 16.7389
109, 2, 16.5626
110, 2, 16.3347
111, 2, 16.2132
112, 2, 17.7327
113, 2, 17.6945
114, 2, 17.2391
115, 2, 17.0355
116, 2, 16.6890
117, 2, 16.3362
118, 2, 13.4845
119, 2, 16.4645
120, 2, 16.9794
121, 2, 17.5716
122, 2, 17.2671
123, 2, 16.4841
124, 2, 16.7167
125, 2, 16.6060
126, 2, 16.4301
127, 2, 16.2125
128, 2, 17.5551
129, 2, 17.5083
130, 2, 17.3231
131, 2, 17.0142
132, 2, 16.7126
133, 2, 16.5070
134, 2, 16.3931
135, 2, 16.2347
136, 2, 17.4560
137, 2, 17.4918
138, 2, 17.1385
139, 2, 16.9505
140, 2, 16.7583
141, 2, 16.5426
142, 2, 16.2646
143, 2, 16.1501
144, 2, 17.5378
145, 2, 17.5770
146, 2, 17.2692
147, 2, 16.9282
148, 2, 16.7112
149, 2, 16.5675
150, 2, 16.2834
151, 2, 16.2112
152, 2, 17.6035
153, 2, 17.6577
154, 2, 17.1225
155, 2, 16.3560
156, 2, 15.9208
157, 2, 15.7730
158, 2, 14.6457
159, 2, 16.3314
160, 2, 15.8082
161, 2, 15.7613
162, 2, 14.7484
163, 2, 14.4856
164, 2, 15.0579
165, 2, 14.2617
166, 2, 13.7005
167, 2, 16.1571
168, 2, 16.0425
169, 2, 15.8450
170, 2, 15.3775
171, 2, 14.7541
172, 2, 14.8533
173, 2, 14.3231
174, 2, 13.8528
175, 2, 16.2040
176, 2, 15.7787
177, 2, 15.5453
178, 2, 14.4114
179, 2, 13.9895
180, 2, 13.7375
181, 2, 13.5883
182, 2, 13.5022
183, 2, 16.1275
184, 2, 17.2044
185, 2, 15.9787
186, 2, 15.3199
187, 2, 14.7845
188, 2, 14.5904
189, 2, 14.2171
190, 2, 13.7402
191, 2, 16.1231
192, 2, 16.2298
193, 2, 15.0512
194, 2, 14.8567
195, 2, 16.0751
196, 2, 15.3153
197, 2, 14.8680
198, 2, 14.3539
199, 2, 16.1081
200, 2, 16.1849
201, 2, 16.0721
202, 2, 14.7775
203, 2, 14.6672
204, 2, 14.1837
205, 2, 13.8837
206, 2, 13.5990
207, 2, 16.0516
208, 2, 15.6652
209, 2, 15.2594
210, 2, 15.7762
211, 2, 15.7228
212, 2, 14.9768
213, 2, 14.3913
214, 2, 14.5187
215, 2, 16.4227
216, 2, 17.0836
217, 2, 16.0807
218, 2, 15.2738
219, 2, 15.0229
220, 2, 16.4777
221, 2, 16.1247
222, 2, 14.7120
223, 2, 16.4582
224, 2, 15.8409
225, 2, 16.5649
226, 2, 16.1544
227, 2, 15.3355
228, 2, 14.9378
229, 2, 14.5017
230, 2, 13.7332
231, 2, 16.3760
232, 2, 15.9412
233, 2, 14.8945
234, 2, 16.1077
235, 2, 15.5468
236, 2, 15.4745
237, 2, 14.8107
238, 2, 14.1773
239, 2, 16.2884
240, 2, 16.6200
241, 2, 15.8510
242, 2, 15.6880
243, 2, 14.6019
244, 2, 14.3105
245, 2, 15.3272
246, 2, 15.0595
247, 2, 16.3722
248, 2, 16.2756
249, 2, 15.6239
250, 2, 14.8609
1, 3, 11.9496
2, 3, 11.9833
3, 3, 11.9426
4, 3, 11.7874
5, 3, 11.7810
6, 3, 11.6993
7, 3, 16.6373
8, 3, 17.0140
9, 3, 16.1447
10, 3, 15.6467
11, 3, 14.9703
12, 3, 14.5139
13, 3, 15.8779
14, 3, 15.1018
15, 3, 16.5176
16, 3, 16.9202
17, 3, 16.0932
18, 3, 15.8166
19, 3, 14.6238
20, 3, 14.4407
21, 3, 14.5342
22, 3, 14.3116
23, 3, 16.4365
24, 3, 17.2497
25, 3, 16.8687
26, 3, 16.2189
27, 3, 15.3935
28, 3, 14.8196
29, 3, 14.3017
30, 3, 14.1460
31, 3, 16.5402
32, 3, 16.6338
33, 3, 16.1696
34, 3, 14.9538
35, 3, 14.7965
36, 3, 14.4338
37, 3, 15.1973
38, 3, 14.7745
39, 3, 16.4655
40, 3, 15.6081
41, 3, 15.9324
42, 3, 15.2076
43, 3, 15.2361
44, 3, 14.3743
45, 3, 14.6060
46, 3, 14.2141
47, 3, 16.4489
48, 3, 15.8225
49, 3, 15.7780
50, 3, 15.2052
51, 3, 14.7228
52, 3, 13.9639
53, 3, 13.7632
54, 3, 13.4644
55, 3, 16.2579
56, 3, 16.5068
57, 3, 16.1896
58, 3, 14.6836
59, 3, 15.1459
60, 3, 15.3477
61, 3, 14.1721
62, 3, 13.8581
63, 3, 16.4212
64, 3, 15.3281
65, 3, 15.4206
66, 3, 15.0547
67, 3, 14.7862
68, 3, 14.3370
69, 3, 13.1729
70, 3, 13.0226
71, 3, 16.2648
72, 3, 15.8872
73, 3, 17.8983
74, 3, 17.7240
75, 3, 17.4966
76, 3, 17.3258
77, 3, 17.0496
78, 3, 16.7343
79, 3, 16.3382
80, 3, 18.0173
81, 3, 17.8790
82, 3, 17.3523
83, 3, 17.1384
84, 3, 16.0150
85, 3, 16.4434
86, 3, 16.5980
87, 3, 16.2332
88, 3, 18.0308
89, 3, 17.9466
90, 3, 17.6001
91, 3, 17.3045
92, 3, 17.1882
93, 3, 17.0779
94, 3, 16.6271
95, 3, 16.1913
96, 3, 17.9628
97, 3, 17.8844
98, 3, 16.7961
99, 3, 15.5244
100, 3, 14.6686
101, 3, 16.7723
102, 3, 16.2877
103, 3, 16.1329
104, 3, 16.7876
105, 3, 17.4269
106, 3, 17.5475
107, 3, 17.4022
108, 3, 17.0354
109, 3, 16.0556
110, 3, 16.5044
111, 3, 16.2132
112, 3, 18.0744
113, 3, 18.1197
114, 3, 17.6334
115, 3, 17.4361
116, 3, 17.2220
117, 3, 16.9338
118, 3, 14.3236
119, 3, 16.4645
120, 3, 17.0574
121, 3, 15.7312
122, 3, 17.5420
123, 3, 17.3321
124, 3, 17.1181
125, 3, 17.0083
126, 3, 16.7732
127, 3, 16.2125
128, 3, 17.8950
129, 3, 17.9259
130, 3, 17.7221
131, 3, 17.4074
132, 3, 17.1134
133, 3, 16.8545
134, 3, 16.7256
135, 3, 16.2347
136, 3, 17.7945
137, 3, 17.8968
138, 3, 17.5189
139, 3, 17.3692
140, 3, 17.1152
141, 3, 16.8925
142, 3, 16.6056
143, 3, 16.1501
144, 3, 17.8906
145, 3, 18.0055
146, 3, 17.6796
147, 3, 17.3220
148, 3, 17.0582
149, 3, 16.8771
150, 3, 16.6368
151, 3, 16.2112
152, 3, 17.9513
153, 3, 18.0498
154, 3, 17.7406
155, 3, 17.2309
156, 3, 17.2282
157, 3, 17.0388
158, 3, 16.6884
159, 3, 16.3314
160, 3, 17.9538
161, 3, 17.9916
162, 3, 17.6443
163, 3, 17.4556
164, 3, 17.1874
165, 3, 16.8549
166, 3, 16.6204
167, 3, 16.1571
168, 3, 17.8861
169, 3, 17.8100
170, 3, 17.0355
171, 3, 16.2811
172, 3, 16.2811
173, 3, 15.5077
174, 3, 15.0084
175, 3, 16.2040
176, 3, 17.7920
177, 3, 17.8094
178, 3, 17.5540
179, 3, 16.8391
180, 3, 16.7363
181, 3, 16.1194
182, 3, 16.5507
183, 3, 16.1275
184, 3, 17.8251
185, 3, 17.8341
186, 3, 17.6195
187, 3, 17.3380
188, 3, 17.0879
189, 3, 16.8172
190, 3, 16.5874
191, 3, 16.1231
192, 3, 17.8047
193, 3, 17.7791
194, 3, 17.6049
195, 3, 17.4490
196, 3, 17.1246
197, 3, 16.7754
198, 3, 16.6250
199, 3, 16.1081
200, 3, 17.9212
201, 3, 17.8781
202, 3, 17.4870
203, 3, 17.2371
204, 3, 17.0227
205, 3, 16.8178
206, 3, 16.6011
207, 3, 16.0516
208, 3, 17.6761
209, 3, 17.6402
210, 3, 17.5660
211, 3, 17.4218
212, 3, 17.0981
213, 3, 16.9388
214, 3, 16.6783
215, 3, 16.4227
216, 3, 18.1788
217, 3, 18.1858
218, 3, 17.7479
219, 3, 17.5151
220, 3, 17.1358
221, 3, 17.0510
222, 3, 16.6931
223, 3, 16.4582
224, 3, 17.9609
225, 3, 18.1038
226, 3, 17.8108
227, 3, 17.4384
228, 3, 17.1383
229, 3, 16.9446
230, 3, 16.6373
231, 3, 16.3760
232, 3, 18.0957
233, 3, 17.9133
234, 3, 17.7443
235, 3, 17.4753
236, 3, 17.2063
237, 3, 17.0230
238, 3, 16.6575
239, 3, 16.2884
240, 3, 16.8467
241, 3, 17.7840
242, 3, 17.6735
243, 3, 17.3690
244, 3, 17.0990
245, 3, 16.7304
246, 3, 16.6638
247, 3, 16.3722
248, 3, 18.0570
249, 3, 17.9082
250, 3, 17.5997
1, 4, 13.6942
2, 4, 15.0142
3, 4, 16.4495
4, 4, 16.5967
5, 4, 16.7430
6, 4, 16.4416
7, 4, 16.6373
8, 4, 18.5965
9, 4, 18.5577
10, 4, 18.3350
11, 4, 17.9419
12, 4, 17.5529
13, 4, 17.3559
14, 4, 16.9774
15, 4, 16.5176
16, 4, 18.3854
17, 4, 17.2444
18, 4, 17.0122
19, 4, 15.6863
20, 4, 15.9453
21, 4, 17.1935
22, 4, 17.1084
23, 4, 16.4365
24, 4, 17.7979
25, 4, 18.5494
26, 4, 18.2029
27, 4, 17.9531
28, 4, 17.6839
29, 4, 17.2143
30, 4, 17.1609
31, 4, 16.5402
32, 4, 18.0905
33, 4, 18.4447
34, 4, 17.5900
35, 4, 17.8390
36, 4, 17.5575
37, 4, 17.2302
38, 4, 17.1386
39, 4, 16.4655
40, 4, 17.5614
41, 4, 18.3884
42, 4, 18.2141
43, 4, 17.9937
44, 4, 17.5141
45, 4, 17.2438
46, 4, 17.1718
47, 4, 16.4489
48, 4, 17.8799
49, 4, 18.2526
50, 4, 18.1333
51, 4, 17.9892
52, 4, 17.6056
53, 4, 17.3558
54, 4, 16.9971
55, 4, 16.2579
56, 4, 17.6295
57, 4, 18.3110
58, 4, 18.0049
59, 4, 17.6904
60, 4, 17.5147
61, 4, 17.1724
62, 4, 16.8922
63, 4, 16.4212
64, 4, 17.4121
65, 4, 18.1964
66, 4, 18.0923
67, 4, 17.8678
68, 4, 17.5701
69, 4, 17.1632
70, 4, 17.0414
71, 4, 16.2648
72, 4, 16.3428
73, 4, 16.6796
74, 4, 15.9982
75, 4, 16.1743
76, 4, 16.7778
77, 4, 16.5861
78, 4, 16.6567
79, 4, 16.3382
80, 4, 17.6295
81, 4, 17.1320
82, 4, 17.1573
83, 4, 17.5685
84, 4, 17.0803
85, 4, 17.1330
86, 4, 16.9481
87, 4, 16.2332
88, 4, 18.3949
89, 4, 18.3703
90, 4, 18.0476
91, 4, 16.5967
92, 4, 17.3982
93, 4, 17.2649
94, 4, 16.9579
95, 4, 16.1913
96, 4, 17.4719
97, 4, 18.1679
98, 4, 18.0657
99, 4, 17.6680
100, 4, 17.3081
101, 4, 17.0524
102, 4, 16.6653
103, 4, 16.1329
104, 4, 16.2834
105, 4, 18.0608
106, 4, 17.8516
107, 4, 17.6014
108, 4, 15.7863
109, 4, 15.8475
110, 4, 16.7877
111, 4, 16.2132
112, 4, 17.3518
113, 4, 18.3466
114, 4, 18.0369
115, 4, 17.4739
116, 4, 17.2447
117, 4, 17.1605
118, 4, 15.5366
119, 4, 16.4645
120, 4, 17.5202
121, 4, 18.1494
122, 4, 18.0605
123, 4, 17.7430
124, 4, 17.4921
125, 4, 16.8811
126, 4, 16.9070
127, 4, 16.2125
128, 4, 17.4228
129, 4, 18.1910
130, 4, 18.1113
131, 4, 17.7933
132, 4, 17.4830
133, 4, 17.1119
134, 4, 16.3362
135, 4, 16.2347
136, 4, 15.4179
137, 4, 15.2085
138, 4, 14.1636
139, 4, 14.2944
140, 4, 15.1080
141, 4, 15.5087
142, 4, 15.4170
143, 4, 16.1501
144, 4, 18.1781
145, 4, 18.3411
146, 4, 18.0358
147, 4, 17.6893
148, 4, 17.4022
149, 4, 17.1525
150, 4, 16.8764
151, 4, 16.2112
152, 4, 18.3659
153, 4, 18.2929
154, 4, 18.1840
155, 4, 17.6633
156, 4, 17.4975
157, 4, 17.2966
158, 4, 16.9848
159, 4, 16.3314
160, 4, 18.0615
161, 4, 18.3629
162, 4, 17.9566
163, 4, 17.8580
164, 4, 17.4258
165, 4, 17.1249
166, 4, 16.9951
167, 4, 16.1571
168, 4, 17.8640
169, 4, 18.1338
170, 4, 17.9158
171, 4, 17.0391
172, 4, 16.6970
173, 4, 15.8146
174, 4, 15.2471
175, 4, 16.2040
176, 4, 15.8040
177, 4, 15.2492
178, 4, 13.8355
179, 4, 13.2614
180, 4, 12.9046
181, 4, 12.6331
182, 4, 12.3836
183, 4, 16.1275
184, 4, 15.7309
185, 4, 14.5030
186, 4, 13.9512
187, 4, 13.4224
188, 4, 13.6794
189, 4, 13.2387
190, 4, 12.8773
191, 4, 16.1231
192, 4, 16.0198
193, 4, 14.6410
194, 4, 14.3906
195, 4, 13.9817
196, 4, 13.3241
197, 4, 12.8605
198, 4, 12.4889
199, 4, 16.1081
200, 4, 15.9965
201, 4, 15.6147
202, 4, 14.1603
203, 4, 14.8319
204, 4, 13.9852
205, 4, 13.2654
206, 4, 12.7451
207, 4, 16.0516
208, 4, 15.3407
209, 4, 14.2543
210, 4, 13.4235
211, 4, 13.1747
212, 4, 12.9050
213, 4, 12.3182
214, 4, 13.3579
215, 4, 16.4227
216, 4, 16.7895
217, 4, 15.0242
218, 4, 15.0033
219, 4, 14.3617
220, 4, 13.9622
221, 4, 13.6232
222, 4, 12.9702
223, 4, 16.4582
224, 4, 15.5083
225, 4, 15.2356
226, 4, 14.7590
227, 4, 14.1790
228, 4, 14.2604
229, 4, 14.4944
230, 4, 13.6365
231, 4, 16.3760
232, 4, 15.8398
233, 4, 14.9451
234, 4, 14.3426
235, 4, 13.8847
236, 4, 13.8000
237, 4, 13.6355
238, 4, 12.9402
239, 4, 16.2884
240, 4, 16.2757
241, 4, 15.2490
242, 4, 14.9523
243, 4, 13.8767
244, 4, 14.4278
245, 4, 13.7216
246, 4, 13.3126
247, 4, 16.3722
248, 4, 16.1442
249, 4, 15.2626
250, 4, 14.2327
1, 5, 11.4309
2, 5, 11.3317
3, 5, 12.0919
4, 5, 12.1565
5, 5, 12.3810
6, 5, 12.1302
7, 5, 16.6373
8, 5, 16.9426
9, 5, 16.1451
10, 5, 15.5672
11, 5, 14.8533
12, 5, 14.2570
13, 5, 13.8200
14, 5, 14.3381
15, 5, 16.5176
16, 5, 16.7773
17, 5, 15.6092
18, 5, 14.9955
19, 5, 13.9889
20, 5, 13.6955
21, 5, 13.5578
22, 5, 13.0325
23, 5, 16.4365
24, 5, 16.2719
25, 5, 15.9586
26, 5, 15.1341
27, 5, 14.3069
28, 5, 13.7515
29, 5, 13.3436
30, 5, 13.0388
31, 5, 16.5402
32, 5, 17.4470
33, 5, 16.7948
34, 5, 15.1405
35, 5, 14.7674
36, 5, 14.5731
37, 5, 14.0831
38, 5, 13.7321
39, 5, 16.4655
40, 5, 15.6193
41, 5, 15.8611
42, 5, 15.4272
43, 5, 15.7449
44, 5, 14.7475
45, 5, 14.2962
46, 5, 13.9411
47, 5, 16.4489
48, 5, 15.7522
49, 5, 15.7653
50, 5, 15.0368
51, 5, 14.4770
52, 5, 13.7229
53, 5, 13.5381
54, 5, 13.2038
55, 5, 16.2579
56, 5, 17.0590
57, 5, 16.5439
58, 5, 14.7291
59, 5, 14.7399
60, 5, 14.1363
61, 5, 13.2509
62, 5, 13.3933
63, 5, 16.4212
64, 5, 15.3637
65, 5, 15.0306
66, 5, 14.7138
67, 5, 14.1555
68, 5, 13.6779
69, 5, 12.6216
70, 5, 12.3748
71, 5, 16.2648
72, 5, 15.8310
73, 5, 15.3554
74, 5, 14.5764
75, 5, 13.8841
76, 5, 13.4021
77, 5, 13.1416
78, 5, 13.0983
79, 5, 16.3382
80, 5, 15.7736
81, 5, 14.6848
82, 5, 13.5601
83, 5, 13.2652
84, 5, 13.0072
85, 5, 12.7207
86, 5, 12.5899
87, 5, 16.2332
88, 5, 16.6698
89, 5, 16.0658
90, 5, 15.4760
91, 5, 13.0963
92, 5, 15.9724
93, 5, 17.6961
94, 5, 17.8253
95, 5, 16.1913
96, 5, 18.6959
97, 5, 18.8665
98, 5, 18.6277
99, 5, 17.8375
100, 5, 17.1933
101, 5, 16.2553
102, 5, 15.5999
103, 5, 16.1329
104, 5, 15.3669
105, 5, 16.1347
106, 5, 14.6738
107, 5, 17.9062
108, 5, 17.9487
109, 5, 17.9835
110, 5, 17.8640
111, 5, 16.2132
112, 5, 18.8279
113, 5, 18.9886
114, 5, 18.5658
115, 5, 18.2094
116, 5, 17.2226
117, 5, 16.7003
118, 5, 13.3647
119, 5, 16.4645
120, 5, 18.2171
121, 5, 16.9039
122, 5, 16.9703
123, 5, 16.4539
124, 5, 16.2324
125, 5, 16.2728
126, 5, 16.7325
127, 5, 16.2125
128, 5, 16.2868
129, 5, 16.5682
130, 5, 17.0844
131, 5, 17.0832
132, 5, 17.3370
133, 5, 17.8358
134, 5, 17.4939
135, 5, 16.2347
136, 5, 17.1828
137, 5, 17.3702
138, 5, 16.8227
139, 5, 16.2462
140, 5, 15.1367
141, 5, 17.0164
142, 5, 17.5220
143, 5, 16.1501
144, 5, 17.4401
145, 5, 18.7121
146, 5, 18.4815
147, 5, 18.2063
148, 5, 18.0709
149, 5, 17.9444
150, 5, 17.6472
151, 5, 16.2112
152, 5, 18.3595
153, 5, 18.8632
154, 5, 18.7147
155, 5, 18.2152
156, 5, 18.1370
157, 5, 18.0573
158, 5, 17.7573
159, 5, 16.3314
160, 5, 18.7613
161, 5, 19.0088
162, 5, 18.5850
163, 5, 18.4502
164, 5, 18.2459
165, 5, 17.9515
166, 5, 17.7531
167, 5, 16.1571
168, 5, 18.2929
169, 5, 18.4122
170, 5, 18.4454
171, 5, 18.2799
172, 5, 18.1019
173, 5, 17.8634
174, 5, 17.7361
175, 5, 16.2040
176, 5, 17.4888
177, 5, 18.6181
178, 5, 17.9795
179, 5, 18.0511
180, 5, 18.0271
181, 5, 17.8196
182, 5, 17.6028
183, 5, 16.1275
184, 5, 18.6233
185, 5, 18.7635
186, 5, 18.5752
187, 5, 18.3336
188, 5, 17.4873
189, 5, 16.5602
190, 5, 15.8207
191, 5, 16.1231
192, 5, 16.2210
193, 5, 15.2406
194, 5, 15.2961
195, 5, 16.1118
196, 5, 16.2898
197, 5, 16.6134
198, 5, 16.1523
199, 5, 16.1081
200, 5, 16.1089
201, 5, 17.0953
202, 5, 17.8265
203, 5, 18.0617
204, 5, 17.9803
205, 5, 17.8324
206, 5, 17.6433
207, 5, 16.0516
208, 5, 18.3477
209, 5, 18.5745
210, 5, 18.3811
211, 5, 18.3024
212, 5, 18.1069
213, 5, 17.7800
214, 5, 17.7027
215, 5, 16.4227
216, 5, 18.9463
217, 5, 18.8778
218, 5, 18.4972
219, 5, 18.3489
220, 5, 18.0888
221, 5, 18.1482
222, 5, 17.6243
223, 5, 16.4582
224, 5, 17.2852
225, 5, 18.6397
226, 5, 18.5421
227, 5, 18.3373
228, 5, 18.1229
229, 5, 17.9060
230, 5, 17.7438
231, 5, 16.3760
232, 5, 18.3781
233, 5, 18.5563
234, 5, 18.4586
235, 5, 18.2834
236, 5, 18.1275
237, 5, 18.0139
238, 5, 17.7758
239, 5, 16.2884
240, 5, 18.8556
241, 5, 18.7901
242, 5, 18.5909
243, 5, 18.2457
244, 5, 18.0686
245, 5, 17.9005
246, 5, 17.5089
247, 5, 16.3722
248, 5, 18.2044
249, 5, 18.6760
250, 5, 18.4367
