739.6348
685.1631
191.6694
176.8137
160.8625
101.0699
70.6787
66.8231
2.3949
2.2079
2.0873
2.0272
2.0003
1.9702
1.9247
1.9237
1.9201
1.9118
1.9013
1.8800
1.8774
1.8560
1.8508
1.8195
1.8040
1.7924
1.7589
1.7382
1.7304
1.7184
1.7109
1.7060
1.6846
1.6784
1.6695
1.6656
1.6629
1.6574
1.6474
1.6375
1.6363
1.6218
1.6147
1.6123
1.6089
1.6087
1.6014
1.5926
1.5870
1.5857
1.5853
1.5833
1.5827
1.5791
1.5790
1.5788
1.5762
1.5762
1.5755
1.5660
1.5658
1.5657
1.5655
1.5625
1.5611
1.5571
1.5518
1.5478
1.5454
1.5445
1.5380
1.5375
1.5326
1.5308
1.5305
1.5296
1.5284
1.5258
1.5240
1.5233
1.5226
1.5218
1.5209
1.5156
1.5118
1.5086
1.5003
1.4975
1.4965
1.4927
1.4915
1.4903
1.4887
1.4866
1.4866
1.4733
1.4687
1.4625
1.4560
1.4525
1.4513
1.4493
1.4486
1.4468
1.4334
1.4284
1.4265
1.4202
1.4150
1.4129
1.4090
1.4081
1.4077
1.4073
1.4033
1.3938
1.3931
1.3877
1.3865
1.3710
1.3624
1.3576
1.3561
1.3311
1.3302
1.3260
1.3131
1.2756