68.2738
59.9371
58.6507
55.3047
53.9710
52.9894
52.0500
49.8447
49.8390
49.5323
48.9172
48.5403
47.4172
47.1050
46.9264
46.8848
46.7682
46.7410
46.5853
46.4831
44.3084
44.1136
43.6592
43.5422
43.0591
43.0482
43.0322
42.9990
42.9131
42.8825
42.7615
42.4478
42.3620
42.3566
42.1405
42.0366
41.9648
41.7618
41.6907
41.6710
41.6254
41.4714
41.3154
41.1566
41.0521
40.9261
40.6414
40.5404
40.4609
40.3139
40.2294
40.0877
39.7633
39.7045
39.6250
39.4492
39.4441
39.2529
39.1908
39.1050
39.0122
38.9942
38.7818
38.6322
38.6157
38.5579
38.3666
38.3121
37.7674
37.7199
37.4552
37.1592
37.0560
36.9378
36.7856
36.7554
36.7064
36.5635
36.2679
36.2290
35.8690
35.7168
35.0846
35.0176
34.5548
34.4217
34.2396
34.1697
33.8999
33.7043
32.9591
32.2533
31.8566
31.4044
31.0123
28.5239