619.4427
606.5549
170.1337
144.0961
133.5727
105.7535
83.1513
68.0015
2.1514
2.0886
1.9443
1.9307
1.8503
1.8451
1.8432
1.8375
1.7991
1.7891
1.7739
1.7709
1.7460
1.7455
1.7337
1.6948
1.6794
1.6779
1.6762
1.6692
1.6673
1.6671
1.6625
1.6495
1.6463
1.6365
1.6323
1.6322
1.6278
1.6248
1.6091
1.6088
1.6070
1.6015
1.6003
1.5950
1.5936
1.5896
1.5879
1.5795
1.5774
1.5771
1.5709
1.5706
1.5644
1.5604
1.5589
1.5572
1.5558
1.5555
1.5525
1.5482
1.5463
1.5369
1.5367
1.5353
1.5343
1.5336
1.5318
1.5198
1.5156
1.5156
1.5155
1.5102
1.5063
1.5042
1.5032
1.5005
1.4989
1.4987
1.4920
1.4902
1.4885
1.4851
1.4838
1.4714
1.4686
1.4652
1.4618
1.4579
1.4559
1.4551
1.4479
1.4456
1.4425
1.4414
1.4393
1.4370
1.4226
1.4218
1.4212
1.4094
1.4092
1.4090
1.4090
1.4055
1.3978
1.3927
1.3864
1.3860
1.3845
1.3835
1.3822
1.3773
1.3739
1.3725
1.3720
1.3710
1.3676
1.3634
1.3594
1.3469
1.3412
1.3371
1.3366
1.3056
1.3053
1.2979
1.2946
1.2637
