10.9734
10.9666
9.2911
9.0653
8.0635
8.0030
7.9237
7.9214
7.8493
7.7500
7.6576
7.6374
7.6170
7.6033
7.5966
7.5367
7.5039
7.4074
7.2668
7.2188
1.1863
1.1720
1.1664
1.1546
1.1481
1.1314
1.1220
1.1127
1.1094
1.1061
1.1026
1.1026
1.0991
1.0988
1.0960
1.0929
1.0925
1.0923
1.0917
1.0915
1.0912
1.0911
1.0898
1.0894
1.0885
1.0856
1.0841
1.0836
1.0833
1.0833
1.0812
1.0805
1.0791
1.0777
1.0765
1.0759
1.0759
1.0755
1.0754
1.0752
1.0746
1.0738
1.0729
1.0726
1.0724
1.0723
1.0719
1.0714
1.0706
1.0701
1.0696
1.0694
1.0689
1.0680
1.0679
1.0676
1.0676
1.0675
1.0656
1.0652
1.0644
1.0644
1.0631
1.0630
1.0596
1.0592
1.0590
1.0579
1.0575
1.0555
1.0551
1.0541
1.0507
1.0503
1.0495
1.0492