Frame Index, Fixed Action 0 Bitrate (kbps), Fixed Action 1 Bitrate (kbps), Fixed Action 2 Bitrate (kbps), Fixed Action 3 Bitrate (kbps), Fixed Action 4 Bitrate (kbps), Fixed Action 5 Bitrate (kbps)
1, 168.99, 168.99, 168.99, 168.99, 168.99, 168.99
2, 51.86, 78.51, 110.50, 155.83, 234.85, 298.79
3, 51.95, 79.34, 113.23, 161.42, 245.61, 313.83
4, 62.22, 93.30, 131.89, 185.66, 276.02, 351.14
5, 60.05, 95.10, 136.59, 194.50, 286.97, 364.03
6, 59.67, 98.40, 141.61, 202.13, 299.55, 376.03
7, 60.86, 99.76, 143.26, 206.82, 309.51, 385.50
8, 59.36, 97.70, 141.82, 209.66, 317.41, 394.59
9, 168.38, 168.38, 168.38, 168.38, 168.38, 168.38
10, 45.02, 68.55, 98.31, 143.38, 223.40, 286.10
11, 49.17, 73.11, 106.20, 156.84, 239.96, 304.38
12, 52.51, 78.53, 114.72, 166.04, 257.16, 324.56
13, 54.33, 82.14, 119.81, 172.89, 271.13, 339.28
14, 61.48, 95.10, 137.13, 193.94, 296.65, 370.81
15, 60.38, 95.52, 138.16, 199.21, 311.22, 378.55
16, 61.93, 98.53, 143.45, 203.99, 316.98, 388.56
17, 171.18, 171.18, 171.18, 171.18, 171.18, 171.18
18, 45.45, 69.98, 100.23, 145.90, 226.20, 289.96
19, 54.87, 83.85, 119.47, 169.72, 254.51, 321.87
20, 58.16, 88.63, 128.34, 184.18, 275.78, 346.72
21, 59.04, 89.77, 131.25, 187.96, 286.95, 355.12
22, 59.65, 91.86, 133.51, 193.98, 297.11, 367.06
23, 59.48, 92.86, 137.47, 200.21, 306.43, 378.35
24, 65.04, 103.83, 150.80, 215.20, 326.81, 399.66
25, 169.94, 169.94, 169.94, 169.94, 169.94, 169.94
26, 46.70, 71.19, 101.94, 149.50, 229.69, 295.48
27, 51.40, 77.12, 111.10, 159.03, 246.35, 312.67
28, 53.71, 79.21, 115.11, 168.13, 260.62, 328.55
29, 55.40, 85.51, 125.55, 183.52, 278.80, 351.36
30, 56.08, 87.71, 128.21, 188.60, 287.80, 360.33
31, 60.06, 92.85, 136.05, 197.80, 301.93, 379.18
32, 61.37, 97.00, 142.02, 206.77, 316.85, 394.09
33, 171.09, 171.09, 171.09, 171.09, 171.09, 171.09
34, 52.12, 81.06, 115.67, 163.36, 245.88, 313.77
35, 51.51, 80.18, 116.85, 167.89, 253.40, 325.27
36, 54.95, 85.48, 124.00, 178.51, 271.25, 342.24
37, 57.88, 90.15, 132.66, 190.51, 289.09, 360.53
38, 59.92, 92.85, 136.34, 195.47, 296.00, 371.37
39, 64.70, 100.25, 146.05, 207.25, 311.44, 389.34
40, 65.68, 104.09, 150.22, 214.86, 318.96, 399.52
41, 169.34, 169.34, 169.34, 169.34, 169.34, 169.34
42, 48.13, 75.70, 108.25, 154.44, 234.80, 301.61
43, 51.06, 76.84, 112.36, 162.02, 246.08, 315.81
44, 56.44, 87.63, 128.83, 183.97, 276.65, 349.36
45, 57.01, 88.09, 130.04, 188.67, 287.21, 358.99
46, 58.52, 92.80, 138.87, 199.28, 301.30, 371.74
47, 58.92, 92.62, 139.74, 203.30, 308.92, 382.70
48, 60.16, 97.61, 146.08, 214.77, 323.92, 398.18
49, 170.14, 170.14, 170.14, 170.14, 170.14, 170.14
50, 46.86, 72.22, 103.61, 150.72, 232.93, 297.18
51, 51.67, 77.53, 111.94, 160.87, 246.06, 314.04
52, 56.76, 84.90, 123.46, 175.94, 266.49, 338.23
53, 57.19, 86.13, 126.76, 183.16, 278.39, 350.83
54, 66.06, 103.58, 148.13, 209.39, 307.96, 387.07
55, 62.22, 103.59, 149.33, 212.43, 316.07, 396.37
56, 65.63, 106.66, 154.16, 220.67, 330.44, 406.53
57, 171.68, 171.68, 171.68, 171.68, 171.68, 171.68
58, 49.54, 77.03, 110.14, 158.08, 239.83, 307.09
59, 55.47, 83.62, 118.61, 173.78, 260.22, 329.91
60, 58.35, 90.23, 129.57, 186.94, 279.55, 352.52
61, 59.67, 92.13, 134.53, 196.91, 292.88, 367.13
62, 64.47, 99.01, 142.90, 206.71, 312.83, 384.90
63, 63.31, 98.09, 143.54, 209.01, 316.65, 390.34
64, 73.47, 115.18, 163.98, 232.51, 341.50, 419.61
65, 174.33, 174.33, 174.33, 174.33, 174.33, 174.33
66, 50.35, 77.90, 111.73, 159.54, 244.81, 311.12
67, 51.14, 79.37, 115.01, 167.08, 257.21, 324.40
68, 55.97, 85.16, 124.20, 180.64, 274.66, 347.60
69, 60.65, 96.33, 139.85, 199.32, 299.02, 374.20
70, 61.55, 96.81, 140.10, 203.47, 310.14, 383.41
71, 62.44, 100.14, 147.42, 212.60, 321.05, 400.17
72, 64.77, 102.62, 149.90, 216.75, 329.90, 405.28
73, 174.64, 174.64, 174.64, 174.64, 174.64, 174.64
74, 52.34, 82.79, 116.90, 167.08, 251.28, 322.65
75, 58.19, 90.76, 128.85, 183.66, 272.93, 345.35
76, 60.75, 96.34, 137.91, 196.16, 289.06, 366.94
77, 59.39, 96.69, 140.58, 203.81, 303.49, 380.58
78, 64.38, 104.62, 150.26, 215.36, 321.19, 400.94
79, 67.29, 109.66, 157.51, 224.25, 335.37, 413.26
80, 69.34, 112.22, 163.55, 231.62, 348.65, 428.69
81, 176.62, 176.62, 176.62, 176.62, 176.62, 176.62
82, 55.20, 83.52, 117.73, 167.91, 251.91, 321.30
83, 55.44, 86.63, 124.51, 179.30, 269.25, 340.68
84, 63.48, 98.36, 141.02, 198.23, 295.43, 369.51
85, 60.70, 97.42, 139.85, 203.03, 303.68, 380.16
86, 60.73, 97.67, 140.67, 206.24, 314.71, 388.19
87, 65.22, 101.37, 147.60, 214.89, 324.05, 400.40
88, 63.68, 102.22, 151.22, 220.06, 334.89, 409.41
89, 177.44, 177.44, 177.44, 177.44, 177.44, 177.44
90, 46.83, 71.43, 103.08, 152.71, 237.82, 301.99
91, 73.56, 109.13, 149.00, 202.94, 293.55, 372.13
92, 67.53, 106.98, 149.23, 208.10, 304.07, 386.20
93, 63.91, 104.83, 147.73, 209.00, 311.18, 392.36
94, 68.02, 110.82, 156.58, 222.44, 328.74, 411.72
95, 67.68, 111.27, 158.59, 226.87, 335.74, 418.21
96, 69.79, 113.17, 161.22, 231.48, 345.44, 428.43
97, 176.55, 176.55, 176.55, 176.55, 176.55, 176.55
98, 53.14, 81.27, 114.76, 164.00, 249.55, 316.79
99, 60.26, 91.95, 129.94, 186.01, 272.90, 343.58
100, 62.75, 99.18, 144.86, 204.96, 299.67, 373.63
101, 67.57, 107.86, 152.73, 216.30, 317.82, 392.34
102, 69.93, 111.51, 158.64, 223.95, 330.96, 406.09
103, 66.65, 109.66, 158.65, 225.96, 341.51, 415.04
104, 74.71, 119.33, 169.04, 237.65, 357.22, 429.43
105, 176.36, 176.36, 176.36, 176.36, 176.36, 176.36
106, 54.68, 84.03, 118.09, 170.24, 256.21, 323.03
107, 57.25, 89.16, 127.48, 180.34, 270.14, 343.19
108, 61.63, 97.96, 139.77, 196.97, 293.97, 368.60
109, 66.69, 103.50, 149.46, 209.61, 311.48, 384.87
110, 66.47, 106.53, 153.57, 219.30, 326.76, 398.24
111, 70.64, 110.45, 157.78, 225.03, 335.11, 410.15
112, 71.08, 113.10, 159.55, 227.34, 340.81, 415.11
113, 179.38, 179.38, 179.38, 179.38, 179.38, 179.38
114, 55.79, 85.90, 121.48, 171.82, 258.17, 328.07
115, 61.40, 93.73, 133.86, 187.97, 280.63, 353.34
116, 63.28, 98.93, 139.12, 195.26, 291.75, 367.43
117, 61.71, 97.14, 140.64, 201.30, 306.02, 379.29
118, 98.48, 146.78, 195.47, 258.99, 367.61, 447.93
119, 88.40, 137.67, 185.86, 254.21, 367.48, 445.49
120, 85.04, 134.89, 185.01, 258.55, 375.20, 452.24
121, 175.93, 175.93, 175.93, 175.93, 175.93, 175.93
122, 46.43, 73.36, 105.90, 155.90, 238.63, 304.21
123, 60.74, 90.99, 129.43, 184.40, 273.26, 344.30
124, 65.99, 101.19, 142.97, 201.68, 294.81, 367.57
125, 67.55, 105.45, 148.41, 211.48, 309.79, 383.15
126, 70.50, 110.27, 157.03, 220.53, 322.48, 397.77
127, 66.75, 106.50, 155.31, 222.04, 328.98, 404.49
128, 68.85, 109.80, 158.70, 228.38, 340.65, 414.33
129, 173.51, 173.51, 173.51, 173.51, 173.51, 173.51
130, 47.39, 74.64, 106.65, 156.42, 240.38, 304.34
131, 57.50, 85.90, 121.39, 175.06, 262.72, 331.09
132, 58.34, 92.12, 131.66, 190.15, 283.38, 355.43
133, 63.97, 99.53, 142.98, 205.82, 301.08, 378.89
134, 67.89, 104.67, 149.98, 213.62, 313.65, 390.62
135, 69.68, 108.03, 155.28, 223.52, 324.90, 404.22
136, 77.98, 122.74, 172.01, 243.43, 348.65, 428.74
137, 174.19, 174.19, 174.19, 174.19, 174.19, 174.19
138, 56.27, 88.40, 124.14, 175.24, 258.16, 327.21
139, 62.89, 99.85, 139.03, 194.73, 283.07, 354.11
140, 62.64, 102.62, 143.93, 207.20, 303.05, 373.69
141, 64.80, 105.34, 146.63, 212.95, 313.74, 386.78
142, 63.62, 103.50, 148.41, 215.40, 323.94, 395.76
143, 67.17, 108.47, 154.01, 221.91, 330.60, 407.05
144, 70.42, 112.64, 160.35, 230.48, 343.22, 418.42
145, 172.43, 172.43, 172.43, 172.43, 172.43, 172.43
146, 51.63, 79.08, 112.49, 161.58, 244.29, 311.27
147, 53.84, 84.22, 120.38, 175.59, 261.31, 332.23
148, 60.19, 93.93, 134.75, 191.09, 282.53, 353.67
149, 65.37, 102.98, 146.44, 205.88, 304.17, 377.94
150, 69.10, 109.77, 156.19, 218.94, 322.60, 398.58
151, 71.59, 112.53, 160.40, 226.61, 335.69, 410.27
152, 68.84, 110.12, 159.79, 227.55, 344.73, 417.83
153, 171.26, 171.26, 171.26, 171.26, 171.26, 171.26
154, 54.86, 85.37, 120.74, 170.69, 254.69, 322.02
155, 60.77, 94.95, 134.66, 188.57, 276.69, 349.02
156, 64.08, 98.21, 139.90, 197.13, 291.12, 359.95
157, 62.22, 96.91, 139.56, 202.64, 301.83, 372.16
158, 67.08, 105.32, 151.56, 217.52, 322.58, 393.66
159, 70.72, 111.09, 161.33, 225.53, 335.04, 408.98
160, 73.74, 117.56, 166.82, 236.33, 351.33, 421.46
161, 171.45, 171.45, 171.45, 171.45, 171.45, 171.45
162, 52.08, 81.00, 115.35, 165.43, 249.28, 315.19
163, 56.56, 84.48, 121.23, 173.46, 261.18, 328.90
164, 61.15, 91.11, 131.96, 187.47, 281.87, 354.52
165, 62.97, 95.51, 137.17, 199.81, 297.15, 373.15
166, 63.90, 98.93, 143.03, 206.13, 311.13, 383.67
167, 62.64, 98.62, 144.32, 211.24, 320.61, 393.75
168, 65.01, 101.99, 148.79, 217.01, 328.90, 403.80
169, 171.74, 171.74, 171.74, 171.74, 171.74, 171.74
170, 55.61, 86.28, 122.10, 173.14, 257.91, 328.35
171, 60.58, 96.10, 135.75, 190.77, 280.74, 353.43
172, 59.79, 94.55, 136.38, 195.27, 291.52, 363.62
173, 62.20, 97.72, 141.79, 202.97, 301.01, 374.74
174, 65.87, 104.21, 151.45, 215.35, 316.89, 391.92
175, 66.14, 105.26, 152.75, 220.18, 323.27, 399.02
176, 70.24, 110.00, 159.61, 228.67, 336.09, 413.17
177, 173.86, 173.86, 173.86, 173.86, 173.86, 173.86
178, 55.51, 86.06, 121.63, 171.88, 258.65, 326.54
179, 60.03, 92.86, 132.53, 186.43, 276.98, 348.51
180, 62.92, 98.79, 139.30, 198.87, 290.92, 366.31
181, 60.49, 98.87, 141.57, 206.01, 305.57, 378.59
182, 62.95, 102.71, 148.40, 214.79, 318.55, 391.52
183, 63.79, 106.19, 154.17, 221.16, 332.48, 406.27
184, 65.50, 108.17, 158.05, 228.18, 341.12, 414.72
185, 171.49, 171.49, 171.49, 171.49, 171.49, 171.49
186, 53.84, 83.75, 117.86, 166.78, 249.89, 318.79
187, 54.61, 87.47, 125.23, 179.76, 268.01, 342.06
188, 62.00, 97.83, 138.70, 195.57, 292.66, 368.60
189, 64.86, 103.92, 146.63, 208.53, 309.47, 386.14
190, 66.80, 106.80, 152.77, 215.91, 320.95, 396.70
191, 63.99, 105.70, 152.50, 219.62, 329.58, 402.96
192, 66.85, 106.46, 155.23, 222.74, 338.13, 412.26
193, 171.45, 171.45, 171.45, 171.45, 171.45, 171.45
194, 53.33, 82.80, 117.80, 167.67, 252.14, 317.84
195, 57.26, 88.80, 126.89, 180.96, 269.49, 339.69
196, 61.36, 96.19, 138.56, 195.22, 291.23, 365.68
197, 60.96, 98.24, 143.09, 202.00, 305.85, 379.25
198, 62.85, 102.54, 147.71, 211.92, 318.54, 391.40
199, 63.31, 103.69, 149.37, 218.85, 326.71, 398.06
200, 66.05, 105.03, 148.89, 220.12, 331.51, 402.57
201, 170.18, 170.18, 170.18, 170.18, 170.18, 170.18
202, 52.77, 83.11, 118.05, 167.93, 253.75, 321.07
203, 56.51, 90.12, 128.49, 181.86, 271.52, 339.90
204, 60.35, 97.74, 137.59, 195.09, 291.94, 363.00
205, 63.40, 101.49, 145.16, 204.86, 305.09, 376.90
206, 67.60, 107.44, 153.78, 216.82, 319.53, 396.75
207, 64.47, 105.78, 152.87, 220.55, 330.46, 404.76
208, 69.43, 109.89, 159.40, 228.21, 335.55, 415.59
209, 170.90, 170.90, 170.90, 170.90, 170.90, 170.90
210, 57.51, 88.15, 124.81, 174.19, 255.08, 325.51
211, 55.11, 87.39, 125.52, 179.05, 265.75, 340.66
212, 58.62, 92.69, 132.59, 188.46, 277.81, 352.36
213, 61.95, 96.69, 138.99, 198.17, 296.89, 370.04
214, 64.53, 99.67, 144.19, 208.10, 306.78, 381.65
215, 67.17, 106.05, 150.74, 217.27, 319.22, 394.92
216, 65.33, 102.99, 149.58, 219.47, 328.94, 401.57
217, 170.35, 170.35, 170.35, 170.35, 170.35, 170.35
218, 53.48, 81.88, 116.44, 165.03, 249.88, 315.98
219, 56.92, 86.32, 123.01, 176.74, 263.20, 331.23
220, 61.68, 94.71, 134.08, 191.31, 279.66, 353.23
221, 59.72, 93.75, 133.72, 193.48, 288.80, 361.99
222, 62.55, 98.20, 139.95, 203.26, 303.86, 379.42
223, 64.06, 98.37, 142.26, 206.81, 311.16, 384.34
224, 68.23, 108.94, 155.11, 221.46, 331.37, 406.26
225, 171.46, 171.46, 171.46, 171.46, 171.46, 171.46
226, 46.35, 71.56, 102.98, 151.63, 232.17, 297.07
227, 52.50, 78.60, 112.63, 163.59, 248.76, 316.42
228, 55.89, 83.74, 119.37, 174.11, 265.71, 333.80
229, 59.98, 90.43, 130.82, 188.86, 285.35, 355.52
230, 62.86, 98.70, 141.76, 201.55, 303.39, 378.38
231, 62.86, 98.26, 142.28, 206.84, 313.50, 386.77
232, 64.70, 98.42, 143.14, 208.50, 318.71, 391.43
233, 172.98, 172.98, 172.98, 172.98, 172.98, 172.98
234, 53.47, 81.39, 114.97, 164.35, 246.97, 316.11
235, 58.12, 89.42, 126.26, 180.16, 267.32, 339.29
236, 59.03, 95.74, 135.34, 193.58, 284.84, 358.68
237, 61.57, 98.68, 140.64, 200.90, 295.51, 370.72
238, 65.33, 105.27, 149.89, 214.73, 314.37, 391.28
239, 66.79, 108.92, 154.86, 221.77, 327.03, 403.72
240, 67.41, 108.90, 155.93, 223.48, 331.69, 408.50
241, 172.90, 172.90, 172.90, 172.90, 172.90, 172.90
242, 45.59, 70.97, 100.72, 150.26, 233.92, 295.76
243, 56.85, 85.73, 120.76, 171.39, 258.06, 329.62
244, 60.02, 93.36, 132.58, 187.08, 281.91, 352.80
245, 62.80, 97.50, 139.51, 195.85, 296.03, 369.70
246, 61.27, 96.93, 139.49, 201.85, 304.39, 379.37
247, 63.29, 98.31, 141.67, 205.86, 312.40, 385.56
248, 66.74, 102.15, 146.45, 212.53, 323.44, 397.76
249, 172.85, 172.85, 172.85, 172.85, 172.85, 172.85
250, 51.26, 77.74, 110.69, 159.19, 241.64, 310.70
