Frame Index, Action Index, SSIM (dB)
1, 0, 16.8027
2, 0, 17.1546
3, 0, 16.7290
4, 0, 15.9042
5, 0, 15.4404
6, 0, 14.8787
7, 0, 14.4800
8, 0, 14.0539
9, 0, 16.4717
10, 0, 17.1457
11, 0, 16.5434
12, 0, 15.8915
13, 0, 15.3821
14, 0, 14.6932
15, 0, 14.1377
16, 0, 13.7969
17, 0, 16.4228
18, 0, 17.0589
19, 0, 16.3379
20, 0, 15.8002
21, 0, 15.4482
22, 0, 14.8335
23, 0, 14.3283
24, 0, 13.9095
25, 0, 16.5465
26, 0, 17.0315
27, 0, 16.6088
28, 0, 16.0540
29, 0, 15.3760
30, 0, 14.8282
31, 0, 14.2987
32, 0, 13.8298
33, 0, 16.4817
34, 0, 16.8000
35, 0, 16.4328
36, 0, 15.9430
37, 0, 15.2890
38, 0, 14.7384
39, 0, 14.2901
40, 0, 13.7282
41, 0, 16.5078
42, 0, 17.0055
43, 0, 16.6231
44, 0, 15.9065
45, 0, 15.3430
46, 0, 14.8132
47, 0, 14.2980
48, 0, 13.8128
49, 0, 16.3726
50, 0, 16.8867
51, 0, 16.5151
52, 0, 15.8860
53, 0, 15.3714
54, 0, 14.7738
55, 0, 14.2578
56, 0, 13.8403
57, 0, 16.3051
58, 0, 16.7495
59, 0, 16.4056
60, 0, 15.8889
61, 0, 15.3630
62, 0, 14.7649
63, 0, 14.3262
64, 0, 13.8087
65, 0, 16.3254
66, 0, 16.7553
67, 0, 16.3617
68, 0, 15.7547
69, 0, 15.2258
70, 0, 14.6920
71, 0, 14.1837
72, 0, 13.8520
73, 0, 16.2885
74, 0, 16.7204
75, 0, 16.2487
76, 0, 14.9437
77, 0, 15.2057
78, 0, 14.6731
79, 0, 14.1767
80, 0, 13.6489
81, 0, 16.2813
82, 0, 16.5790
83, 0, 16.1349
84, 0, 15.5462
85, 0, 15.0815
86, 0, 14.5737
87, 0, 13.8846
88, 0, 13.4291
89, 0, 16.1373
90, 0, 16.8187
91, 0, 16.1736
92, 0, 15.7319
93, 0, 15.3191
94, 0, 14.5861
95, 0, 14.1475
96, 0, 13.7366
97, 0, 16.1959
98, 0, 16.7637
99, 0, 16.2411
100, 0, 15.5935
101, 0, 14.6746
102, 0, 14.3225
103, 0, 13.9287
104, 0, 12.8826
105, 0, 16.2872
106, 0, 16.5648
107, 0, 16.2234
108, 0, 15.6817
109, 0, 15.1339
110, 0, 14.5819
111, 0, 14.1281
112, 0, 13.8033
113, 0, 16.3131
114, 0, 16.4122
115, 0, 16.1508
116, 0, 15.7758
117, 0, 15.2086
118, 0, 14.3208
119, 0, 14.0408
120, 0, 13.6022
121, 0, 16.3969
122, 0, 16.8511
123, 0, 15.7812
124, 0, 15.2467
125, 0, 14.8082
126, 0, 13.7965
127, 0, 13.4097
128, 0, 13.1955
129, 0, 16.3115
130, 0, 16.5865
131, 0, 15.1591
132, 0, 14.9090
133, 0, 14.3269
134, 0, 13.8105
135, 0, 13.5145
136, 0, 13.0389
137, 0, 16.2058
138, 0, 15.8749
139, 0, 15.4562
140, 0, 15.3700
141, 0, 14.8762
142, 0, 14.4690
143, 0, 14.0001
144, 0, 13.5996
145, 0, 16.2616
146, 0, 16.5031
147, 0, 16.0231
148, 0, 15.6338
149, 0, 15.1212
150, 0, 14.4408
151, 0, 14.0792
152, 0, 13.7113
153, 0, 16.3747
154, 0, 16.7207
155, 0, 15.9768
156, 0, 15.7572
157, 0, 15.2494
158, 0, 14.5573
159, 0, 14.1785
160, 0, 13.7647
161, 0, 16.3012
162, 0, 16.6854
163, 0, 16.3280
164, 0, 15.7623
165, 0, 15.0887
166, 0, 14.5237
167, 0, 14.0652
168, 0, 13.6490
169, 0, 16.1701
170, 0, 16.4327
171, 0, 15.9030
172, 0, 15.5299
173, 0, 15.1425
174, 0, 14.5469
175, 0, 14.1205
176, 0, 13.6256
177, 0, 16.1001
178, 0, 16.4916
179, 0, 15.9895
180, 0, 15.6183
181, 0, 15.0354
182, 0, 14.4470
183, 0, 14.0085
184, 0, 13.5848
185, 0, 16.1893
186, 0, 16.6374
187, 0, 16.0336
188, 0, 14.5189
189, 0, 14.9723
190, 0, 14.5212
191, 0, 14.0757
192, 0, 13.6434
193, 0, 16.1516
194, 0, 16.5869
195, 0, 16.2360
196, 0, 15.7019
197, 0, 15.0356
198, 0, 14.5560
199, 0, 14.1047
200, 0, 13.7397
201, 0, 16.1739
202, 0, 16.3686
203, 0, 16.0313
204, 0, 15.5509
205, 0, 14.9782
206, 0, 14.4366
207, 0, 13.9527
208, 0, 13.5959
209, 0, 16.3619
210, 0, 16.5043
211, 0, 16.1377
212, 0, 15.6552
213, 0, 15.1508
214, 0, 14.6387
215, 0, 13.5620
216, 0, 13.7197
217, 0, 16.4783
218, 0, 16.8268
219, 0, 16.3494
220, 0, 15.2174
221, 0, 14.9019
222, 0, 13.7429
223, 0, 13.9338
224, 0, 13.4855
225, 0, 16.4007
226, 0, 16.9721
227, 0, 16.3634
228, 0, 15.6215
229, 0, 15.2487
230, 0, 14.6139
231, 0, 14.1548
232, 0, 13.9113
233, 0, 16.4114
234, 0, 16.9236
235, 0, 16.4285
236, 0, 15.8169
237, 0, 15.2564
238, 0, 14.6045
239, 0, 14.1547
240, 0, 13.7940
241, 0, 16.2146
242, 0, 16.9182
243, 0, 16.2154
244, 0, 15.6856
245, 0, 15.2050
246, 0, 14.6364
247, 0, 14.1818
248, 0, 13.7756
249, 0, 16.2435
250, 0, 16.6944
1, 1, 16.8027
2, 1, 17.7275
3, 1, 17.5050
4, 1, 16.7713
5, 1, 16.6620
6, 1, 16.2777
7, 1, 15.3854
8, 1, 15.8293
9, 1, 16.4717
10, 1, 17.6297
11, 1, 17.2574
12, 1, 16.8327
13, 1, 16.6192
14, 1, 16.1233
15, 1, 15.6831
16, 1, 15.5534
17, 1, 16.4228
18, 1, 17.5764
19, 1, 17.1700
20, 1, 16.7204
21, 1, 16.6126
22, 1, 16.2358
23, 1, 15.8576
24, 1, 15.6516
25, 1, 16.5465
26, 1, 17.4934
27, 1, 17.3177
28, 1, 16.9822
29, 1, 16.5199
30, 1, 16.2041
31, 1, 15.6948
32, 1, 15.4542
33, 1, 16.4817
34, 1, 17.3419
35, 1, 17.2261
36, 1, 16.8663
37, 1, 16.4597
38, 1, 16.1424
39, 1, 15.7831
40, 1, 15.3927
41, 1, 16.5078
42, 1, 17.5095
43, 1, 17.3263
44, 1, 16.8519
45, 1, 16.5218
46, 1, 16.2039
47, 1, 15.7882
48, 1, 15.5211
49, 1, 16.3726
50, 1, 17.4373
51, 1, 16.7978
52, 1, 15.9531
53, 1, 16.1896
54, 1, 15.5444
55, 1, 15.1904
56, 1, 14.5506
57, 1, 16.3051
58, 1, 15.5420
59, 1, 15.1088
60, 1, 16.7059
61, 1, 16.4003
62, 1, 15.2449
63, 1, 15.2325
64, 1, 14.0562
65, 1, 16.3254
66, 1, 15.6203
67, 1, 14.9755
68, 1, 15.0101
69, 1, 14.4996
70, 1, 14.3291
71, 1, 14.1986
72, 1, 14.3778
73, 1, 16.2885
74, 1, 16.6615
75, 1, 16.2167
76, 1, 16.2362
77, 1, 16.1136
78, 1, 15.5798
79, 1, 15.0164
80, 1, 14.3691
81, 1, 16.2813
82, 1, 16.4835
83, 1, 16.3392
84, 1, 15.7835
85, 1, 15.8852
86, 1, 15.6066
87, 1, 15.1958
88, 1, 15.0583
89, 1, 16.1373
90, 1, 17.2034
91, 1, 15.0467
92, 1, 14.9688
93, 1, 15.2114
94, 1, 14.7940
95, 1, 14.7050
96, 1, 14.6865
97, 1, 16.1959
98, 1, 16.6758
99, 1, 15.8310
100, 1, 15.1934
101, 1, 14.6034
102, 1, 14.1487
103, 1, 13.9903
104, 1, 13.5541
105, 1, 16.2872
106, 1, 16.5014
107, 1, 16.4579
108, 1, 15.8108
109, 1, 15.4047
110, 1, 15.2072
111, 1, 14.8537
112, 1, 14.9314
113, 1, 16.3131
114, 1, 16.4703
115, 1, 16.0472
116, 1, 15.9553
117, 1, 15.9503
118, 1, 14.1691
119, 1, 14.1925
120, 1, 14.0944
121, 1, 16.3969
122, 1, 17.0922
123, 1, 16.3618
124, 1, 15.9212
125, 1, 15.3796
126, 1, 15.2444
127, 1, 15.2492
128, 1, 14.8737
129, 1, 16.3115
130, 1, 17.0853
131, 1, 16.3230
132, 1, 16.2879
133, 1, 15.8446
134, 1, 15.1130
135, 1, 14.8525
136, 1, 14.4533
137, 1, 16.2058
138, 1, 16.5261
139, 1, 15.9689
140, 1, 15.6677
141, 1, 15.2945
142, 1, 15.1160
143, 1, 14.6450
144, 1, 14.2662
145, 1, 16.2616
146, 1, 16.4867
147, 1, 16.2825
148, 1, 15.7653
149, 1, 15.3773
150, 1, 15.0691
151, 1, 15.0522
152, 1, 15.2621
153, 1, 16.3747
154, 1, 17.0142
155, 1, 16.2595
156, 1, 16.2452
157, 1, 16.1648
158, 1, 15.4574
159, 1, 15.0502
160, 1, 14.8957
161, 1, 16.3012
162, 1, 16.8032
163, 1, 16.7274
164, 1, 16.0537
165, 1, 15.7032
166, 1, 15.3541
167, 1, 15.2646
168, 1, 15.0545
169, 1, 16.1701
170, 1, 16.4067
171, 1, 15.9870
172, 1, 15.9689
173, 1, 15.5265
174, 1, 15.1662
175, 1, 14.8728
176, 1, 14.6627
177, 1, 16.1001
178, 1, 15.9136
179, 1, 15.8118
180, 1, 15.7118
181, 1, 15.4088
182, 1, 14.9620
183, 1, 14.4573
184, 1, 14.1434
185, 1, 16.1893
186, 1, 16.1218
187, 1, 15.9296
188, 1, 15.1635
189, 1, 14.8882
190, 1, 14.6431
191, 1, 14.4326
192, 1, 14.1498
193, 1, 16.1516
194, 1, 16.1234
195, 1, 16.0648
196, 1, 15.9206
197, 1, 15.6353
198, 1, 15.1730
199, 1, 14.8617
200, 1, 14.6720
201, 1, 16.1739
202, 1, 15.6498
203, 1, 15.5793
204, 1, 15.1145
205, 1, 14.9757
206, 1, 14.6752
207, 1, 14.2789
208, 1, 13.7484
209, 1, 16.3619
210, 1, 15.6347
211, 1, 15.5765
212, 1, 15.2203
213, 1, 14.5746
214, 1, 14.6442
215, 1, 14.0786
216, 1, 13.9921
217, 1, 16.4783
218, 1, 16.2139
219, 1, 15.6976
220, 1, 14.3493
221, 1, 14.2242
222, 1, 13.7392
223, 1, 13.4016
224, 1, 12.7064
225, 1, 16.4007
226, 1, 16.6928
227, 1, 15.2020
228, 1, 14.4435
229, 1, 13.5225
230, 1, 12.5649
231, 1, 12.2593
232, 1, 12.1547
233, 1, 16.4114
234, 1, 16.1288
235, 1, 15.1384
236, 1, 14.6275
237, 1, 13.9502
238, 1, 13.2925
239, 1, 12.7605
240, 1, 12.3531
241, 1, 16.2146
242, 1, 16.6823
243, 1, 14.6565
244, 1, 14.3101
245, 1, 13.6198
246, 1, 13.2040
247, 1, 12.8288
248, 1, 12.3808
249, 1, 16.2435
250, 1, 15.4110
1, 2, 16.8027
2, 2, 16.1738
3, 2, 15.8340
4, 2, 14.8997
5, 2, 14.6364
6, 2, 14.2127
7, 2, 13.7857
8, 2, 13.3880
9, 2, 16.4717
10, 2, 16.8596
11, 2, 15.9509
12, 2, 15.0825
13, 2, 14.5643
14, 2, 13.8222
15, 2, 13.3770
16, 2, 13.1066
17, 2, 16.4228
18, 2, 17.0548
19, 2, 15.4590
20, 2, 15.3143
21, 2, 15.1377
22, 2, 14.6813
23, 2, 14.4391
24, 2, 14.1894
25, 2, 16.5465
26, 2, 16.7981
27, 2, 16.0917
28, 2, 15.3554
29, 2, 14.9024
30, 2, 14.2850
31, 2, 13.5657
32, 2, 12.8805
33, 2, 16.4817
34, 2, 15.3689
35, 2, 15.3364
36, 2, 15.1945
37, 2, 14.6732
38, 2, 14.2763
39, 2, 13.6538
40, 2, 13.1605
41, 2, 16.5078
42, 2, 16.4593
43, 2, 15.7277
44, 2, 14.6156
45, 2, 13.8453
46, 2, 13.4351
47, 2, 13.7371
48, 2, 12.8965
49, 2, 16.3726
50, 2, 16.4784
51, 2, 15.5828
52, 2, 13.9993
53, 2, 13.4250
54, 2, 13.6529
55, 2, 14.3245
56, 2, 15.4611
57, 2, 16.3051
58, 2, 17.7068
59, 2, 17.6687
60, 2, 17.4088
61, 2, 17.1571
62, 2, 16.9071
63, 2, 16.8322
64, 2, 16.4729
65, 2, 16.3254
66, 2, 17.7523
67, 2, 17.6877
68, 2, 17.3587
69, 2, 17.0865
70, 2, 16.8389
71, 2, 16.5917
72, 2, 16.4608
73, 2, 16.2885
74, 2, 17.6508
75, 2, 17.5988
76, 2, 17.4609
77, 2, 17.1427
78, 2, 16.8368
79, 2, 16.6306
80, 2, 16.3403
81, 2, 16.2813
82, 2, 17.6333
83, 2, 17.5645
84, 2, 17.2244
85, 2, 17.0040
86, 2, 16.7485
87, 2, 16.5739
88, 2, 16.3399
89, 2, 16.1373
90, 2, 17.6122
91, 2, 17.5122
92, 2, 17.3542
93, 2, 17.2314
94, 2, 16.7657
95, 2, 16.6023
96, 2, 16.3892
97, 2, 16.1959
98, 2, 17.7097
99, 2, 17.5540
100, 2, 17.1500
101, 2, 16.9293
102, 2, 16.7262
103, 2, 16.5352
104, 2, 16.3178
105, 2, 16.2872
106, 2, 17.5775
107, 2, 17.5510
108, 2, 17.2565
109, 2, 17.0396
110, 2, 16.7870
111, 2, 16.5355
112, 2, 16.4888
113, 2, 16.3131
114, 2, 17.5360
115, 2, 17.5032
116, 2, 17.3495
117, 2, 17.0475
118, 2, 16.5906
119, 2, 16.6809
120, 2, 16.4165
121, 2, 16.3969
122, 2, 17.6936
123, 2, 17.4815
124, 2, 17.2394
125, 2, 17.0676
126, 2, 16.8309
127, 2, 16.6015
128, 2, 16.3698
129, 2, 16.3115
130, 2, 17.6936
131, 2, 16.8049
132, 2, 17.1083
133, 2, 16.7943
134, 2, 16.1503
135, 2, 15.7732
136, 2, 15.2842
137, 2, 16.2058
138, 2, 16.8456
139, 2, 16.6914
140, 2, 16.9967
141, 2, 16.9958
142, 2, 16.6725
143, 2, 16.3622
144, 2, 15.9508
145, 2, 16.2616
146, 2, 17.3118
147, 2, 17.4281
148, 2, 17.2057
149, 2, 16.9489
150, 2, 16.7110
151, 2, 16.5655
152, 2, 16.2824
153, 2, 16.3747
154, 2, 17.7118
155, 2, 17.3557
156, 2, 17.3688
157, 2, 17.1677
158, 2, 16.7324
159, 2, 16.6719
160, 2, 16.3987
161, 2, 16.3012
162, 2, 17.6325
163, 2, 17.6382
164, 2, 17.3533
165, 2, 16.9491
166, 2, 16.6977
167, 2, 16.5205
168, 2, 16.2306
169, 2, 16.1701
170, 2, 17.5358
171, 2, 17.2070
172, 2, 17.1095
173, 2, 16.9825
174, 2, 16.6825
175, 2, 16.6073
176, 2, 16.2731
177, 2, 16.1001
178, 2, 17.2181
179, 2, 17.3031
180, 2, 17.1844
181, 2, 16.9116
182, 2, 16.6153
183, 2, 16.4184
184, 2, 16.1946
185, 2, 16.1893
186, 2, 17.5895
187, 2, 17.4840
188, 2, 17.1921
189, 2, 16.8855
190, 2, 16.6358
191, 2, 16.4493
192, 2, 16.1870
193, 2, 16.1516
194, 2, 17.5407
195, 2, 17.5711
196, 2, 17.2834
197, 2, 16.8497
198, 2, 16.7231
199, 2, 16.4683
200, 2, 16.3303
201, 2, 16.1739
202, 2, 17.3813
203, 2, 17.3589
204, 2, 17.0895
205, 2, 16.8524
206, 2, 16.6465
207, 2, 16.4052
208, 2, 16.2073
209, 2, 16.3619
210, 2, 17.6725
211, 2, 17.6343
212, 2, 17.2796
213, 2, 17.0830
214, 2, 16.8576
215, 2, 16.5983
216, 2, 16.3679
217, 2, 16.4783
218, 2, 17.7473
219, 2, 17.6562
220, 2, 17.3230
221, 2, 17.1958
222, 2, 16.7781
223, 2, 16.7129
224, 2, 16.3912
225, 2, 16.4007
226, 2, 17.8057
227, 2, 17.6488
228, 2, 17.3901
229, 2, 17.0935
230, 2, 16.8016
231, 2, 16.6092
232, 2, 16.4420
233, 2, 16.4114
234, 2, 17.8231
235, 2, 17.7059
236, 2, 17.4004
237, 2, 17.2189
238, 2, 16.7787
239, 2, 16.6198
240, 2, 16.4788
241, 2, 16.2146
242, 2, 17.7151
243, 2, 17.5353
244, 2, 17.2625
245, 2, 17.0273
246, 2, 16.7472
247, 2, 16.6543
248, 2, 16.4128
249, 2, 16.2435
250, 2, 17.6247
1, 3, 16.8027
2, 3, 17.9165
3, 3, 18.3602
4, 3, 17.4141
5, 3, 17.6220
6, 3, 17.3919
7, 3, 17.2704
8, 3, 16.7887
9, 3, 16.4717
10, 3, 18.2140
11, 3, 18.1631
12, 3, 17.6711
13, 3, 17.5863
14, 3, 17.0454
15, 3, 16.8381
16, 3, 16.5405
17, 3, 16.4228
18, 3, 18.0068
19, 3, 17.8282
20, 3, 17.6781
21, 3, 17.6665
22, 3, 17.3733
23, 3, 17.1331
24, 3, 16.8543
25, 3, 16.5465
26, 3, 17.8485
27, 3, 18.0715
28, 3, 17.8875
29, 3, 17.5376
30, 3, 17.3557
31, 3, 17.0615
32, 3, 16.7808
33, 3, 16.4817
34, 3, 17.1600
35, 3, 18.1018
36, 3, 17.8182
37, 3, 17.5000
38, 3, 17.2514
39, 3, 17.0956
40, 3, 16.6437
41, 3, 16.5078
42, 3, 17.9365
43, 3, 18.2125
44, 3, 17.4778
45, 3, 17.4157
46, 3, 16.6439
47, 3, 15.9058
48, 3, 15.6181
49, 3, 16.3726
50, 3, 17.8066
51, 3, 17.8292
52, 3, 17.2675
53, 3, 16.9954
54, 3, 16.3194
55, 3, 16.4517
56, 3, 16.2204
57, 3, 16.3051
58, 3, 17.2410
59, 3, 17.7132
60, 3, 17.5564
61, 3, 17.5102
62, 3, 16.8607
63, 3, 17.0280
64, 3, 16.1368
65, 3, 16.3254
66, 3, 17.2684
67, 3, 17.8792
68, 3, 17.5164
69, 3, 16.2841
70, 3, 16.3183
71, 3, 16.0449
72, 3, 15.7980
73, 3, 16.2885
74, 3, 16.6731
75, 3, 16.8920
76, 3, 16.6861
77, 3, 16.8880
78, 3, 16.3488
79, 3, 16.0679
80, 3, 15.8606
81, 3, 16.2813
82, 3, 16.6827
83, 3, 16.9359
84, 3, 16.5925
85, 3, 16.7740
86, 3, 16.6555
87, 3, 16.4256
88, 3, 16.4003
89, 3, 16.1373
90, 3, 17.4348
91, 3, 15.6244
92, 3, 16.0634
93, 3, 16.7797
94, 3, 16.2644
95, 3, 16.2814
96, 3, 16.2846
97, 3, 16.1959
98, 3, 17.7050
99, 3, 17.5208
100, 3, 17.3548
101, 3, 16.8971
102, 3, 16.6264
103, 3, 16.8288
104, 3, 16.0975
105, 3, 16.2872
106, 3, 16.5664
107, 3, 16.9147
108, 3, 16.1759
109, 3, 16.2732
110, 3, 16.3457
111, 3, 16.1628
112, 3, 16.2871
113, 3, 16.3131
114, 3, 16.9897
115, 3, 17.2891
116, 3, 17.3126
117, 3, 17.1667
118, 3, 14.5714
119, 3, 15.4340
120, 3, 15.6743
121, 3, 16.3969
122, 3, 17.7386
123, 3, 17.5971
124, 3, 17.1482
125, 3, 16.6244
126, 3, 16.4105
127, 3, 16.7122
128, 3, 16.4334
129, 3, 16.3115
130, 3, 17.6923
131, 3, 17.7584
132, 3, 17.5127
133, 3, 16.9091
134, 3, 16.5870
135, 3, 16.7036
136, 3, 15.9171
137, 3, 16.2058
138, 3, 17.0139
139, 3, 17.3934
140, 3, 17.3397
141, 3, 16.9586
142, 3, 16.9313
143, 3, 16.8040
144, 3, 16.5737
145, 3, 16.2616
146, 3, 17.7638
147, 3, 17.8318
148, 3, 17.6004
149, 3, 17.3696
150, 3, 17.0713
151, 3, 16.8895
152, 3, 16.6080
153, 3, 16.3747
154, 3, 17.1450
155, 3, 16.6080
156, 3, 16.6629
157, 3, 16.9599
158, 3, 14.9352
159, 3, 15.0531
160, 3, 15.2479
161, 3, 16.3012
162, 3, 17.0794
163, 3, 16.8953
164, 3, 16.1077
165, 3, 15.5412
166, 3, 15.2751
167, 3, 15.1409
168, 3, 14.9823
169, 3, 16.1701
170, 3, 15.5147
171, 3, 14.9515
172, 3, 15.9877
173, 3, 16.3755
174, 3, 16.3436
175, 3, 16.2311
176, 3, 16.0587
177, 3, 16.1001
178, 3, 16.5023
179, 3, 16.8282
180, 3, 16.7664
181, 3, 16.8336
182, 3, 16.4078
183, 3, 15.5170
184, 3, 15.0224
185, 3, 16.1893
186, 3, 15.6884
187, 3, 16.3640
188, 3, 15.8049
189, 3, 15.6989
190, 3, 15.5540
191, 3, 15.8126
192, 3, 15.7819
193, 3, 16.1516
194, 3, 15.9592
195, 3, 16.5608
196, 3, 16.4331
197, 3, 16.4406
198, 3, 16.4116
199, 3, 16.2075
200, 3, 16.1083
201, 3, 16.1739
202, 3, 16.2510
203, 3, 16.1711
204, 3, 15.6567
205, 3, 15.1357
206, 3, 14.6420
207, 3, 14.4762
208, 3, 13.6082
209, 3, 16.3619
210, 3, 15.3809
211, 3, 15.3617
212, 3, 14.5250
213, 3, 13.5001
214, 3, 13.5150
215, 3, 13.3896
216, 3, 13.2014
217, 3, 16.4783
218, 3, 16.4252
219, 3, 15.9475
220, 3, 14.3100
221, 3, 14.3514
222, 3, 14.5932
223, 3, 14.5481
224, 3, 14.1068
225, 3, 16.4007
226, 3, 17.1213
227, 3, 16.2244
228, 3, 16.0307
229, 3, 15.4097
230, 3, 14.7826
231, 3, 15.2081
232, 3, 14.9443
233, 3, 16.4114
234, 3, 17.0823
235, 3, 17.5274
236, 3, 17.6770
237, 3, 17.5303
238, 3, 17.1211
239, 3, 16.8470
240, 3, 16.6643
241, 3, 16.2146
242, 3, 17.5342
243, 3, 17.5380
244, 3, 16.9354
245, 3, 17.3406
246, 3, 17.1219
247, 3, 16.9844
248, 3, 16.7015
249, 3, 16.2435
250, 3, 16.9948
1, 4, 16.8027
2, 4, 16.8359
3, 4, 16.6465
4, 4, 15.9866
5, 4, 15.9531
6, 4, 15.7882
7, 4, 15.5552
8, 4, 15.4969
9, 4, 16.4717
10, 4, 17.2947
11, 4, 17.4654
12, 4, 17.3600
13, 4, 17.3955
14, 4, 16.5703
15, 4, 16.3273
16, 4, 16.0370
17, 4, 16.4228
18, 4, 17.1970
19, 4, 15.4177
20, 4, 14.7276
21, 4, 15.3428
22, 4, 15.4059
23, 4, 15.2902
24, 4, 14.9582
25, 4, 16.5465
26, 4, 17.1771
27, 4, 16.6978
28, 4, 16.7760
29, 4, 16.6081
30, 4, 16.4513
31, 4, 16.0889
32, 4, 16.0142
33, 4, 16.4817
34, 4, 16.0977
35, 4, 16.5602
36, 4, 16.4367
37, 4, 16.2500
38, 4, 16.2872
39, 4, 15.8488
40, 4, 15.4220
41, 4, 16.5078
42, 4, 17.1705
43, 4, 17.3644
44, 4, 16.6829
45, 4, 16.6150
46, 4, 16.4233
47, 4, 15.5424
48, 4, 15.4064
49, 4, 16.3726
50, 4, 17.1465
51, 4, 16.8886
52, 4, 15.4380
53, 4, 15.1626
54, 4, 14.2904
55, 4, 14.0650
56, 4, 13.7809
57, 4, 16.3051
58, 4, 15.7002
59, 4, 15.7796
60, 4, 15.1376
61, 4, 14.7437
62, 4, 15.0472
63, 4, 15.6043
64, 4, 14.9302
65, 4, 16.3254
66, 4, 16.7761
67, 4, 17.1317
68, 4, 16.8033
69, 4, 15.9748
70, 4, 16.2329
71, 4, 15.9802
72, 4, 15.9451
73, 4, 16.2885
74, 4, 16.7738
75, 4, 16.5605
76, 4, 16.5696
77, 4, 16.7150
78, 4, 16.6177
79, 4, 16.6014
80, 4, 16.4206
81, 4, 16.2813
82, 4, 17.3213
83, 4, 17.5038
84, 4, 17.0859
85, 4, 17.2275
86, 4, 16.9959
87, 4, 16.5021
88, 4, 16.1517
89, 4, 16.1373
90, 4, 17.2003
91, 4, 15.7021
92, 4, 16.3843
93, 4, 16.9580
94, 4, 16.5144
95, 4, 16.2678
96, 4, 16.4575
97, 4, 16.1959
98, 4, 17.5470
99, 4, 17.1143
100, 4, 16.7868
101, 4, 16.0955
102, 4, 15.8814
103, 4, 16.1001
104, 4, 15.4007
105, 4, 16.2872
106, 4, 17.0989
107, 4, 17.5913
108, 4, 17.3333
109, 4, 17.0041
110, 4, 16.6976
111, 4, 16.0079
112, 4, 15.8110
113, 4, 16.3131
114, 4, 16.6461
115, 4, 16.3174
116, 4, 16.4014
117, 4, 16.5968
118, 4, 14.3701
119, 4, 14.6340
120, 4, 14.5117
121, 4, 16.3969
122, 4, 17.2635
123, 4, 16.2344
124, 4, 16.1026
125, 4, 15.7771
126, 4, 15.6507
127, 4, 15.8457
128, 4, 15.4674
129, 4, 16.3115
130, 4, 17.1716
131, 4, 16.0738
132, 4, 15.9023
133, 4, 14.7088
134, 4, 14.2377
135, 4, 13.9517
136, 4, 13.3773
137, 4, 16.2058
138, 4, 15.4980
139, 4, 14.7405
140, 4, 13.9412
141, 4, 12.9917
142, 4, 15.5789
143, 4, 15.0967
144, 4, 14.4947
145, 4, 16.2616
146, 4, 15.5826
147, 4, 15.0994
148, 4, 13.9419
149, 4, 12.9745
150, 4, 12.6083
151, 4, 12.3639
152, 4, 12.1924
153, 4, 16.3747
154, 4, 16.1945
155, 4, 15.4855
156, 4, 15.1098
157, 4, 14.9434
158, 4, 14.3530
159, 4, 13.8527
160, 4, 13.6083
161, 4, 16.3012
162, 4, 15.8914
163, 4, 15.4346
164, 4, 15.0194
165, 4, 14.5664
166, 4, 14.2238
167, 4, 14.2292
168, 4, 13.7498
169, 4, 16.1701
170, 4, 15.6307
171, 4, 15.1401
172, 4, 15.2355
173, 4, 14.4998
174, 4, 13.8934
175, 4, 13.6397
176, 4, 13.0587
177, 4, 16.1001
178, 4, 15.3922
179, 4, 14.9567
180, 4, 14.6785
181, 4, 14.3393
182, 4, 13.8308
183, 4, 13.4735
184, 4, 13.0544
185, 4, 16.1893
186, 4, 15.6883
187, 4, 15.2684
188, 4, 14.5004
189, 4, 14.1619
190, 4, 13.9426
191, 4, 13.6710
192, 4, 13.4713
193, 4, 16.1516
194, 4, 15.6619
195, 4, 15.5639
196, 4, 15.1297
197, 4, 14.9181
198, 4, 14.4941
199, 4, 14.2089
200, 4, 14.0408
201, 4, 16.1739
202, 4, 15.4446
203, 4, 15.4225
204, 4, 14.8812
205, 4, 14.6076
206, 4, 14.1483
207, 4, 13.9489
208, 4, 13.5807
209, 4, 16.3619
210, 4, 15.0867
211, 4, 15.1951
212, 4, 14.8943
213, 4, 14.1041
214, 4, 14.1335
215, 4, 14.1113
216, 4, 13.8723
217, 4, 16.4783
218, 4, 16.4062
219, 4, 16.0470
220, 4, 14.8091
221, 4, 14.6531
222, 4, 14.3324
223, 4, 14.0103
224, 4, 13.3906
225, 4, 16.4007
226, 4, 16.9055
227, 4, 15.7775
228, 4, 15.5435
229, 4, 14.8923
230, 4, 13.9217
231, 4, 13.8026
232, 4, 13.9382
233, 4, 16.4114
234, 4, 16.7460
235, 4, 16.2440
236, 4, 15.9731
237, 4, 15.3213
238, 4, 14.7407
239, 4, 14.3221
240, 4, 14.2121
241, 4, 16.2146
242, 4, 16.9608
243, 4, 15.6349
244, 4, 15.3225
245, 4, 15.0099
246, 4, 14.7973
247, 4, 14.4939
248, 4, 14.1277
249, 4, 16.2435
250, 4, 15.7752
1, 5, 16.8027
2, 5, 16.4212
3, 5, 16.2622
4, 5, 15.3460
5, 5, 15.2230
6, 5, 14.8850
7, 5, 14.6214
8, 5, 14.5117
9, 5, 16.4717
10, 5, 17.0528
11, 5, 16.4201
12, 5, 15.8353
13, 5, 15.3688
14, 5, 14.7240
15, 5, 14.2736
16, 5, 13.9806
17, 5, 16.4228
18, 5, 16.9556
19, 5, 15.2194
20, 5, 14.9239
21, 5, 14.7040
22, 5, 14.3161
23, 5, 13.9546
24, 5, 13.6820
25, 5, 16.5465
26, 5, 16.8939
27, 5, 16.1417
28, 5, 15.6929
29, 5, 15.3264
30, 5, 14.9589
31, 5, 14.3567
32, 5, 13.8917
33, 5, 16.4817
34, 5, 15.2720
35, 5, 15.2742
36, 5, 15.0241
37, 5, 14.6824
38, 5, 14.4632
39, 5, 13.6087
40, 5, 13.3141
41, 5, 16.5078
42, 5, 16.6672
43, 5, 16.2334
44, 5, 14.9779
45, 5, 14.5701
46, 5, 14.3968
47, 5, 14.0412
48, 5, 13.3438
49, 5, 16.3726
50, 5, 16.5488
51, 5, 15.8311
52, 5, 14.2864
53, 5, 13.7838
54, 5, 13.2315
55, 5, 12.7164
56, 5, 12.2197
57, 5, 16.3051
58, 5, 15.0989
59, 5, 15.0434
60, 5, 13.8765
61, 5, 12.6615
62, 5, 12.3354
63, 5, 11.9442
64, 5, 11.2424
65, 5, 16.3254
66, 5, 15.4741
67, 5, 14.8059
68, 5, 13.9512
69, 5, 13.1926
70, 5, 12.7427
71, 5, 12.1609
72, 5, 11.7359
73, 5, 16.2885
74, 5, 15.8993
75, 5, 14.5313
76, 5, 13.6276
77, 5, 12.9348
78, 5, 12.3461
79, 5, 11.9049
80, 5, 11.4615
81, 5, 16.2813
82, 5, 15.0960
83, 5, 14.4038
84, 5, 13.3579
85, 5, 12.9207
86, 5, 12.5611
87, 5, 12.0581
88, 5, 11.8255
89, 5, 16.1373
90, 5, 16.5516
91, 5, 13.6223
92, 5, 12.8274
93, 5, 12.4015
94, 5, 11.8409
95, 5, 11.3417
96, 5, 10.8708
97, 5, 16.1959
98, 5, 15.5380
99, 5, 14.4221
100, 5, 13.4819
101, 5, 12.7832
102, 5, 12.4149
103, 5, 12.2021
104, 5, 11.8350
105, 5, 16.2872
106, 5, 15.6104
107, 5, 15.1432
108, 5, 13.5025
109, 5, 13.0424
110, 5, 12.4533
111, 5, 11.8617
112, 5, 11.3764
113, 5, 16.3131
114, 5, 14.9754
115, 5, 14.0319
116, 5, 13.3673
117, 5, 13.0007
118, 5, 11.9052
119, 5, 11.6932
120, 5, 11.2271
121, 5, 16.3969
122, 5, 16.5354
123, 5, 14.7674
124, 5, 13.5577
125, 5, 12.6314
126, 5, 12.0039
127, 5, 11.5448
128, 5, 11.1147
129, 5, 16.3115
130, 5, 16.4523
131, 5, 14.4757
132, 5, 13.4704
133, 5, 12.4585
134, 5, 11.7820
135, 5, 11.1839
136, 5, 11.1093
137, 5, 16.2058
138, 5, 16.5363
139, 5, 17.0292
140, 5, 17.4487
141, 5, 17.4449
142, 5, 17.7415
143, 5, 17.7468
144, 5, 17.3644
145, 5, 16.2616
146, 5, 17.5019
147, 5, 18.0039
148, 5, 17.5713
149, 5, 17.5267
150, 5, 17.3076
151, 5, 17.4786
152, 5, 17.5554
153, 5, 16.3747
154, 5, 17.4188
155, 5, 17.6105
156, 5, 17.7366
157, 5, 18.1484
158, 5, 17.7181
159, 5, 17.0067
160, 5, 17.0624
161, 5, 16.3012
162, 5, 17.8053
163, 5, 18.4204
164, 5, 18.2034
165, 5, 18.0581
166, 5, 17.8598
167, 5, 17.7548
168, 5, 17.3017
169, 5, 16.1701
170, 5, 16.7380
171, 5, 17.1164
172, 5, 17.6240
173, 5, 17.3671
174, 5, 17.1555
175, 5, 17.2645
176, 5, 17.0523
177, 5, 16.1001
178, 5, 16.7514
179, 5, 17.2037
180, 5, 17.2480
181, 5, 17.6192
182, 5, 17.6086
183, 5, 17.3684
184, 5, 17.3594
185, 5, 16.1893
186, 5, 17.4269
187, 5, 17.9131
188, 5, 17.2266
189, 5, 17.1146
190, 5, 16.8961
191, 5, 17.1371
192, 5, 17.1051
193, 5, 16.1516
194, 5, 16.5783
195, 5, 17.1028
196, 5, 17.0144
197, 5, 17.3644
198, 5, 17.1429
199, 5, 17.2626
200, 5, 17.2529
201, 5, 16.1739
202, 5, 16.7651
203, 5, 17.8191
204, 5, 17.6384
205, 5, 17.2637
206, 5, 16.3615
207, 5, 16.4015
208, 5, 15.8376
209, 5, 16.3619
210, 5, 15.6842
211, 5, 16.3663
212, 5, 16.2952
213, 5, 15.0547
214, 5, 15.4184
215, 5, 15.2922
216, 5, 15.2270
217, 5, 16.4783
218, 5, 16.5154
219, 5, 16.3630
220, 5, 15.2496
221, 5, 15.4345
222, 5, 15.4782
223, 5, 15.6624
224, 5, 15.1615
225, 5, 16.4007
226, 5, 17.1969
227, 5, 16.7160
228, 5, 16.6439
229, 5, 16.2617
230, 5, 15.5251
231, 5, 15.7155
232, 5, 15.9068
233, 5, 16.4114
234, 5, 16.8087
235, 5, 16.5043
236, 5, 16.6256
237, 5, 16.2451
238, 5, 16.2139
239, 5, 16.2588
240, 5, 16.5733
241, 5, 16.2146
242, 5, 17.7598
243, 5, 17.1234
244, 5, 16.8467
245, 5, 16.6942
246, 5, 16.8040
247, 5, 16.8515
248, 5, 16.4569
249, 5, 16.2435
250, 5, 16.3849
