688.6697387695312
595.721923828125
164.69297790527344
140.10289001464844
126.93807983398438
124.24174499511719
71.23347473144531
59.4344367980957
2.1858816146850586
2.1635515689849854
1.9416923522949219
1.9367679357528687
1.910132646560669
1.9001991748809814
1.8686797618865967
1.8649300336837769
1.8254659175872803
1.822332739830017
1.818577527999878
1.8144803047180176
1.801007628440857
1.7702829837799072
1.767507553100586
1.742649793624878
1.735339879989624
1.7273073196411133
1.7181811332702637
1.6894054412841797
1.6880486011505127
1.6847633123397827
1.6788100004196167
1.6768248081207275
1.674530029296875
1.6734825372695923
1.6678645610809326
1.6657626628875732
1.6633638143539429
1.6539167165756226
1.639991044998169
1.6395033597946167
1.6320629119873047
1.6317024230957031
1.6300430297851562
1.621469259262085
1.6156975030899048
1.6068341732025146
1.6014881134033203
1.5967638492584229
1.5946030616760254
1.593782663345337
1.5903711318969727
1.5890066623687744
1.5848972797393799
1.5844111442565918
1.580960988998413
1.5772076845169067
1.5746303796768188
1.5720763206481934
1.5685621500015259
1.5684890747070312
1.5666000843048096
1.5664498805999756
1.5623974800109863
1.5613937377929688
1.5609664916992188
1.5579887628555298
1.554606318473816
1.5520881414413452
1.551975965499878
1.5505013465881348
1.5488460063934326
1.5413222312927246
1.5387111902236938
1.5385812520980835
1.5383656024932861
1.5286023616790771
1.5274428129196167
1.525733232498169
1.5231579542160034
1.512129783630371
1.508540153503418
1.5034246444702148
1.50291109085083
1.5021085739135742
1.500674843788147
1.500605821609497
1.4992313385009766
1.4977755546569824
1.4942395687103271
1.4903790950775146
1.4867377281188965
1.482893943786621
1.4814598560333252
1.4802933931350708
1.4711263179779053
1.4704725742340088
1.4628651142120361
1.4585239887237549
1.4566969871520996
1.4550063610076904
1.4488019943237305
1.4463179111480713
1.4422948360443115
1.4302234649658203
1.4253545999526978
1.424237608909607
1.4142065048217773
1.400101900100708
1.3966450691223145
1.3890271186828613
1.388033390045166
1.3870389461517334
1.3814510107040405
1.3797235488891602
1.3674888610839844
1.367326021194458
1.3667728900909424
1.365842580795288
1.3649131059646606
1.3639209270477295
1.3583645820617676
1.3482019901275635
1.3455288410186768
1.339643955230713
1.338902235031128
1.3388867378234863
1.3285963535308838
1.3008581399917603
