57.27688980102539
54.56517028808594
53.670806884765625
46.59784698486328
46.03155517578125
44.51409912109375
44.39634704589844
42.949501037597656
41.738319396972656
40.286109924316406
38.541038513183594
38.35594177246094
38.167423248291016
37.678985595703125
37.47052001953125
37.35939025878906
37.30311584472656
37.02886199951172
36.737571716308594
36.72948455810547
36.32034683227539
36.25421142578125
36.15007400512695
36.0601692199707
35.96133804321289
35.93405532836914
35.65196990966797
35.59166717529297
35.58937072753906
35.42029571533203
35.36343765258789
35.217987060546875
35.10651779174805
34.76702880859375
34.687652587890625
34.33650588989258
34.2192497253418
33.508426666259766
31.880599975585938
31.039295196533203
31.026437759399414
30.923534393310547
30.77023696899414
30.1003475189209
29.667095184326172
29.393661499023438
29.300317764282227
29.14476203918457
28.970687866210938
28.932231903076172
28.762203216552734
28.74243927001953
28.602691650390625
28.578365325927734
28.432937622070312
28.254459381103516
28.134904861450195
27.28390884399414
25.907236099243164
24.91424560546875
3.4362592697143555
1.8992069959640503
1.8279823064804077
1.8275694847106934
1.6741747856140137
1.59467351436615
1.5804693698883057
1.5451806783676147
1.5376806259155273
1.4768399000167847
1.4149402379989624
1.4117166996002197
1.3996846675872803
1.3399994373321533
1.3383667469024658
1.3178130388259888
1.3173694610595703
1.3050203323364258
1.3016862869262695
1.2950363159179688
1.2739827632904053
1.2599811553955078
1.258466362953186
1.2497950792312622
1.2308094501495361
1.2201989889144897
1.2062633037567139
1.1994597911834717
1.1795912981033325
1.1786701679229736
1.169391393661499
1.1638667583465576
1.1630942821502686
1.1612070798873901
1.1579241752624512
1.1493148803710938
