Frame Index, Action Index, SSIM (dB)
1, 0, 16.8027
2, 0, 17.1530
3, 0, 16.7173
4, 0, 16.7634
5, 0, 16.5083
6, 0, 15.9990
7, 0, 15.6125
8, 0, 14.9769
9, 0, 14.3170
10, 0, 13.8923
11, 0, 16.5655
12, 0, 17.0103
13, 0, 16.6626
14, 0, 15.9380
15, 0, 15.3051
16, 0, 14.7484
17, 0, 14.1584
18, 0, 13.7910
19, 0, 16.5245
20, 0, 16.7813
21, 0, 16.5751
22, 0, 16.0280
23, 0, 15.4989
24, 0, 14.8684
25, 0, 14.3216
26, 0, 13.8105
27, 0, 16.5271
28, 0, 17.0311
29, 0, 16.3939
30, 0, 15.9754
31, 0, 15.3676
32, 0, 14.7099
33, 0, 14.1599
34, 0, 13.8874
35, 0, 16.3776
36, 0, 16.7908
37, 0, 16.3549
38, 0, 15.8759
39, 0, 15.3291
40, 0, 14.5830
41, 0, 14.2712
42, 0, 13.8724
43, 0, 16.4628
44, 0, 16.7061
45, 0, 16.3279
46, 0, 15.9185
47, 0, 15.2931
48, 0, 14.6305
49, 0, 14.2029
50, 0, 13.8421
51, 0, 16.5084
52, 0, 16.7690
53, 0, 16.4956
54, 0, 15.8411
55, 0, 15.2726
56, 0, 14.6916
57, 0, 14.1678
58, 0, 13.7798
59, 0, 16.3942
60, 0, 16.8099
61, 0, 16.2894
62, 0, 15.8601
63, 0, 15.3886
64, 0, 14.7033
65, 0, 14.1860
66, 0, 13.8423
67, 0, 16.4064
68, 0, 16.8486
69, 0, 16.2716
70, 0, 15.8281
71, 0, 15.2639
72, 0, 14.7545
73, 0, 14.2721
74, 0, 13.7606
75, 0, 16.3106
76, 0, 16.8194
77, 0, 16.3660
78, 0, 15.8361
79, 0, 15.1434
80, 0, 14.5103
81, 0, 13.9977
82, 0, 13.6673
83, 0, 16.2542
84, 0, 16.4869
85, 0, 16.1569
86, 0, 15.6889
87, 0, 15.1960
88, 0, 14.6519
89, 0, 14.2006
90, 0, 13.7049
91, 0, 16.3427
92, 0, 16.8122
93, 0, 16.4804
94, 0, 15.6908
95, 0, 15.1171
96, 0, 14.5666
97, 0, 14.0081
98, 0, 13.7288
99, 0, 16.1541
100, 0, 16.4700
101, 0, 15.9162
102, 0, 15.4845
103, 0, 14.9649
104, 0, 14.5959
105, 0, 14.1830
106, 0, 13.7168
107, 0, 16.2009
108, 0, 16.5517
109, 0, 16.1409
110, 0, 15.6216
111, 0, 15.0885
112, 0, 14.6796
113, 0, 14.1645
114, 0, 13.6729
115, 0, 16.3044
116, 0, 16.7698
117, 0, 16.3596
118, 0, 15.1301
119, 0, 14.9036
120, 0, 14.3437
121, 0, 14.0081
122, 0, 13.5950
123, 0, 16.2742
124, 0, 16.6103
125, 0, 16.1759
126, 0, 15.6576
127, 0, 15.0892
128, 0, 14.5512
129, 0, 14.0780
130, 0, 13.7479
131, 0, 16.2490
132, 0, 16.7687
133, 0, 16.1311
134, 0, 15.7190
135, 0, 15.1140
136, 0, 14.5137
137, 0, 14.0322
138, 0, 13.6612
139, 0, 16.2029
140, 0, 16.6174
141, 0, 16.2225
142, 0, 15.6784
143, 0, 15.0960
144, 0, 14.5643
145, 0, 14.1482
146, 0, 13.7246
147, 0, 16.1814
148, 0, 16.6266
149, 0, 16.1486
150, 0, 15.6040
151, 0, 15.1024
152, 0, 14.5368
153, 0, 14.2137
154, 0, 13.7557
155, 0, 16.1121
156, 0, 16.6753
157, 0, 16.3412
158, 0, 15.5973
159, 0, 15.1419
160, 0, 14.5503
161, 0, 14.1505
162, 0, 13.6525
163, 0, 16.2808
164, 0, 16.6396
165, 0, 16.1312
166, 0, 15.6108
167, 0, 15.0623
168, 0, 14.5151
169, 0, 14.0601
170, 0, 13.6565
171, 0, 16.1061
172, 0, 16.6597
173, 0, 16.1407
174, 0, 15.5990
175, 0, 15.0919
176, 0, 14.4675
177, 0, 13.9230
178, 0, 13.7500
179, 0, 16.0746
180, 0, 16.5486
181, 0, 16.1583
182, 0, 15.6090
183, 0, 15.0026
184, 0, 14.4279
185, 0, 14.0096
186, 0, 13.6925
187, 0, 16.1877
188, 0, 16.5238
189, 0, 15.9821
190, 0, 15.5145
191, 0, 14.9984
192, 0, 14.4306
193, 0, 14.0112
194, 0, 13.7410
195, 0, 16.1869
196, 0, 16.6590
197, 0, 16.0868
198, 0, 15.6739
199, 0, 15.1030
200, 0, 14.5661
201, 0, 14.0895
202, 0, 13.6216
203, 0, 16.0469
204, 0, 16.3846
205, 0, 15.9653
206, 0, 15.4944
207, 0, 14.9285
208, 0, 14.4417
209, 0, 13.9295
210, 0, 13.7170
211, 0, 16.4185
212, 0, 16.7658
213, 0, 16.3023
214, 0, 15.7856
215, 0, 15.1980
216, 0, 14.6147
217, 0, 14.3422
218, 0, 13.8026
219, 0, 16.4317
220, 0, 16.6364
221, 0, 16.3928
222, 0, 15.8242
223, 0, 15.3754
224, 0, 14.6615
225, 0, 14.2924
226, 0, 13.7975
227, 0, 16.4505
228, 0, 16.8389
229, 0, 16.3366
230, 0, 15.7257
231, 0, 15.1431
232, 0, 14.7209
233, 0, 14.2032
234, 0, 13.7912
235, 0, 16.4006
236, 0, 16.8268
237, 0, 16.3374
238, 0, 15.7088
239, 0, 15.1579
240, 0, 14.6459
241, 0, 14.0611
242, 0, 13.7462
243, 0, 16.3366
244, 0, 16.6155
245, 0, 16.2229
246, 0, 15.7506
247, 0, 15.3060
248, 0, 14.6957
249, 0, 14.1106
250, 0, 12.6825
1, 1, 12.0052
2, 1, 14.1172
3, 1, 16.7173
4, 1, 17.2694
5, 1, 17.3093
6, 1, 16.9427
7, 1, 16.7524
8, 1, 16.3517
9, 1, 15.8577
10, 1, 15.6420
11, 1, 16.5655
12, 1, 17.4676
13, 1, 17.3568
14, 1, 16.9231
15, 1, 16.4845
16, 1, 16.1626
17, 1, 15.6979
18, 1, 15.5457
19, 1, 16.5245
20, 1, 17.2716
21, 1, 17.2781
22, 1, 16.9599
23, 1, 16.6431
24, 1, 16.2591
25, 1, 15.8658
26, 1, 15.5277
27, 1, 16.5271
28, 1, 17.5579
29, 1, 17.1251
30, 1, 16.9135
31, 1, 16.4657
32, 1, 16.0161
33, 1, 15.6835
34, 1, 15.5477
35, 1, 16.3776
36, 1, 17.3691
37, 1, 17.1184
38, 1, 16.8538
39, 1, 16.5349
40, 1, 15.9355
41, 1, 15.8410
42, 1, 15.6345
43, 1, 16.4628
44, 1, 17.3045
45, 1, 17.1238
46, 1, 16.8578
47, 1, 16.4909
48, 1, 16.0251
49, 1, 15.6796
50, 1, 15.4741
51, 1, 16.5084
52, 1, 17.4445
53, 1, 17.2859
54, 1, 16.8324
55, 1, 16.4603
56, 1, 16.0878
57, 1, 15.6784
58, 1, 15.4555
59, 1, 16.3942
60, 1, 17.3177
61, 1, 16.9836
62, 1, 16.7684
63, 1, 16.5648
64, 1, 16.0760
65, 1, 15.7326
66, 1, 15.5697
67, 1, 16.4064
68, 1, 17.3768
69, 1, 16.9710
70, 1, 16.7462
71, 1, 16.4023
72, 1, 16.1429
73, 1, 15.7355
74, 1, 15.4964
75, 1, 16.3106
76, 1, 17.3595
77, 1, 17.0896
78, 1, 16.7503
79, 1, 16.3660
80, 1, 15.9078
81, 1, 15.5572
82, 1, 15.3790
83, 1, 16.2542
84, 1, 17.0538
85, 1, 16.8938
86, 1, 16.6191
87, 1, 16.3225
88, 1, 15.9898
89, 1, 15.6052
90, 1, 15.3540
91, 1, 16.3427
92, 1, 17.2674
93, 1, 17.1730
94, 1, 16.5956
95, 1, 16.3511
96, 1, 15.9791
97, 1, 15.6030
98, 1, 15.4677
99, 1, 16.1541
100, 1, 17.0481
101, 1, 16.7784
102, 1, 16.4944
103, 1, 16.2020
104, 1, 15.9210
105, 1, 15.7026
106, 1, 15.4115
107, 1, 16.2009
108, 1, 17.1492
109, 1, 16.9444
110, 1, 16.6289
111, 1, 16.2980
112, 1, 16.1068
113, 1, 15.7322
114, 1, 15.3792
115, 1, 16.3044
116, 1, 17.3086
117, 1, 17.0499
118, 1, 16.2292
119, 1, 16.2915
120, 1, 15.8816
121, 1, 15.6215
122, 1, 15.3920
123, 1, 16.2742
124, 1, 17.1591
125, 1, 16.9258
126, 1, 16.6614
127, 1, 16.3167
128, 1, 15.9769
129, 1, 15.6095
130, 1, 15.4615
131, 1, 16.2490
132, 1, 17.2661
133, 1, 16.8623
134, 1, 16.6926
135, 1, 16.2903
136, 1, 15.6321
137, 1, 15.5630
138, 1, 15.3613
139, 1, 16.2029
140, 1, 17.1271
141, 1, 16.9213
142, 1, 16.5747
143, 1, 16.2601
144, 1, 15.9986
145, 1, 15.6899
146, 1, 15.4630
147, 1, 16.1814
148, 1, 17.1425
149, 1, 16.8872
150, 1, 16.5789
151, 1, 16.2993
152, 1, 15.9038
153, 1, 15.7371
154, 1, 15.4889
155, 1, 16.1121
156, 1, 17.2293
157, 1, 17.0693
158, 1, 16.5210
159, 1, 16.4026
160, 1, 15.9875
161, 1, 15.6711
162, 1, 15.4143
163, 1, 16.2808
164, 1, 17.2599
165, 1, 16.8790
166, 1, 16.5578
167, 1, 16.2643
168, 1, 15.8879
169, 1, 15.5132
170, 1, 15.3942
171, 1, 16.1061
172, 1, 17.1841
173, 1, 16.9403
174, 1, 16.5716
175, 1, 16.3036
176, 1, 15.8677
177, 1, 15.4717
178, 1, 15.4073
179, 1, 16.0746
180, 1, 17.1560
181, 1, 16.8993
182, 1, 16.5573
183, 1, 16.1885
184, 1, 15.7864
185, 1, 15.4937
186, 1, 15.4272
187, 1, 16.1877
188, 1, 17.0614
189, 1, 16.7537
190, 1, 16.5003
191, 1, 16.1923
192, 1, 15.7724
193, 1, 15.4890
194, 1, 15.4277
195, 1, 16.1869
196, 1, 17.2152
197, 1, 16.8332
198, 1, 16.6551
199, 1, 16.2774
200, 1, 15.9514
201, 1, 15.5670
202, 1, 15.3165
203, 1, 16.0469
204, 1, 16.9686
205, 1, 16.7530
206, 1, 16.4623
207, 1, 16.1012
208, 1, 15.7914
209, 1, 15.3028
210, 1, 15.3584
211, 1, 16.4185
212, 1, 17.3087
213, 1, 17.0735
214, 1, 16.7939
215, 1, 16.3441
216, 1, 16.0061
217, 1, 15.8109
218, 1, 15.4690
219, 1, 16.4317
220, 1, 16.5735
221, 1, 17.0524
222, 1, 16.7283
223, 1, 16.5302
224, 1, 16.0523
225, 1, 15.8057
226, 1, 15.5239
227, 1, 16.4505
228, 1, 17.3529
229, 1, 17.0320
230, 1, 16.6782
231, 1, 16.3369
232, 1, 16.1206
233, 1, 15.6794
234, 1, 15.5143
235, 1, 16.4006
236, 1, 17.3441
237, 1, 17.1245
238, 1, 16.6381
239, 1, 16.3842
240, 1, 16.0702
241, 1, 15.5679
242, 1, 15.4135
243, 1, 16.3366
244, 1, 17.1947
245, 1, 16.9982
246, 1, 16.6863
247, 1, 16.4587
248, 1, 16.0725
249, 1, 15.6474
250, 1, 15.4631
1, 2, 15.2245
2, 2, 15.4430
3, 2, 16.7173
4, 2, 17.7312
5, 2, 17.9340
6, 2, 17.5683
7, 2, 17.4510
8, 2, 17.1138
9, 2, 16.8179
10, 2, 16.5435
11, 2, 16.5655
12, 2, 17.9058
13, 2, 17.8921
14, 2, 17.5602
15, 2, 17.1745
16, 2, 16.9862
17, 2, 16.6614
18, 2, 16.4536
19, 2, 16.5245
20, 2, 17.6790
21, 2, 17.8718
22, 2, 17.5836
23, 2, 17.3575
24, 2, 17.0251
25, 2, 16.8310
26, 2, 16.4581
27, 2, 16.5271
28, 2, 17.9705
29, 2, 17.6891
30, 2, 17.5360
31, 2, 17.1670
32, 2, 16.8711
33, 2, 16.6628
34, 2, 16.4147
35, 2, 16.3776
36, 2, 17.7568
37, 2, 17.6681
38, 2, 17.4564
39, 2, 17.2145
40, 2, 16.7814
41, 2, 16.8280
42, 2, 16.5920
43, 2, 16.4628
44, 2, 17.7638
45, 2, 17.7210
46, 2, 17.4677
47, 2, 17.2146
48, 2, 16.8505
49, 2, 16.6474
50, 2, 16.4058
51, 2, 16.5084
52, 2, 17.8958
53, 2, 17.8396
54, 2, 17.4322
55, 2, 17.1440
56, 2, 16.8871
57, 2, 16.6365
58, 2, 16.3862
59, 2, 16.3942
60, 2, 17.7304
61, 2, 17.6203
62, 2, 17.3518
63, 2, 17.2599
64, 2, 16.8956
65, 2, 16.7428
66, 2, 16.4956
67, 2, 16.4064
68, 2, 17.7798
69, 2, 17.6057
70, 2, 17.3583
71, 2, 17.1020
72, 2, 16.9210
73, 2, 16.6747
74, 2, 16.4059
75, 2, 16.3106
76, 2, 17.7594
77, 2, 17.6506
78, 2, 17.3387
79, 2, 17.0822
80, 2, 16.7156
81, 2, 16.5438
82, 2, 16.3425
83, 2, 16.2542
84, 2, 16.8157
85, 2, 17.2544
86, 2, 17.1968
87, 2, 16.9732
88, 2, 16.7812
89, 2, 16.5388
90, 2, 16.2332
91, 2, 16.3427
92, 2, 17.1583
93, 2, 17.6689
94, 2, 16.8421
95, 2, 16.7649
96, 2, 16.1673
97, 2, 16.2979
98, 2, 16.1482
99, 2, 16.1541
100, 2, 16.9115
101, 2, 16.6836
102, 2, 16.5456
103, 2, 16.8003
104, 2, 15.8162
105, 2, 16.1622
106, 2, 15.9383
107, 2, 16.2009
108, 2, 16.9049
109, 2, 17.0021
110, 2, 16.9437
111, 2, 16.6519
112, 2, 16.6480
113, 2, 16.6439
114, 2, 16.0725
115, 2, 16.3044
116, 2, 17.2705
117, 2, 17.5127
118, 2, 14.8695
119, 2, 15.6255
120, 2, 15.8109
121, 2, 15.9131
122, 2, 15.1093
123, 2, 16.2742
124, 2, 16.7895
125, 2, 16.7749
126, 2, 16.7547
127, 2, 16.8788
128, 2, 16.4741
129, 2, 16.1725
130, 2, 16.2597
131, 2, 16.2490
132, 2, 17.4578
133, 2, 17.1448
134, 2, 16.9055
135, 2, 16.6494
136, 2, 15.8494
137, 2, 16.2099
138, 2, 15.9218
139, 2, 16.2029
140, 2, 17.1926
141, 2, 17.2705
142, 2, 17.1340
143, 2, 16.8059
144, 2, 16.4303
145, 2, 16.4592
146, 2, 16.1640
147, 2, 16.1814
148, 2, 17.1149
149, 2, 17.0870
150, 2, 16.8264
151, 2, 16.6898
152, 2, 16.5744
153, 2, 16.4714
154, 2, 16.1546
155, 2, 16.1121
156, 2, 17.0979
157, 2, 17.5654
158, 2, 16.8792
159, 2, 16.4986
160, 2, 16.4355
161, 2, 16.5267
162, 2, 16.2143
163, 2, 16.2808
164, 2, 17.2286
165, 2, 17.2516
166, 2, 17.0778
167, 2, 16.9720
168, 2, 16.6066
169, 2, 16.1769
170, 2, 15.9378
171, 2, 16.1061
172, 2, 17.4311
173, 2, 17.2767
174, 2, 17.1974
175, 2, 17.0383
176, 2, 16.6718
177, 2, 16.4353
178, 2, 16.3105
179, 2, 16.0746
180, 2, 17.5571
181, 2, 17.4605
182, 2, 17.1666
183, 2, 16.8629
184, 2, 16.5765
185, 2, 16.4932
186, 2, 16.3110
187, 2, 16.1877
188, 2, 17.5583
189, 2, 17.3644
190, 2, 17.1309
191, 2, 16.8862
192, 2, 16.5846
193, 2, 16.4345
194, 2, 16.3033
195, 2, 16.1869
196, 2, 17.6255
197, 2, 17.3819
198, 2, 17.2393
199, 2, 16.9375
200, 2, 16.7241
201, 2, 16.5091
202, 2, 16.2026
203, 2, 16.0469
204, 2, 17.3749
205, 2, 17.3233
206, 2, 17.1017
207, 2, 16.7953
208, 2, 16.5858
209, 2, 16.0350
210, 2, 16.1504
211, 2, 16.4185
212, 2, 17.7589
213, 2, 17.6489
214, 2, 17.3697
215, 2, 17.0425
216, 2, 16.8155
217, 2, 16.7804
218, 2, 16.4113
219, 2, 16.4317
220, 2, 17.7149
221, 2, 17.7643
222, 2, 17.2694
223, 2, 17.2050
224, 2, 16.8339
225, 2, 16.7547
226, 2, 16.4597
227, 2, 16.4505
228, 2, 17.7676
229, 2, 17.5966
230, 2, 17.3295
231, 2, 17.0661
232, 2, 16.8765
233, 2, 16.5934
234, 2, 16.4035
235, 2, 16.4006
236, 2, 17.7310
237, 2, 17.7146
238, 2, 17.2452
239, 2, 17.0410
240, 2, 16.8713
241, 2, 16.5206
242, 2, 16.3344
243, 2, 16.3366
244, 2, 17.6102
245, 2, 17.5840
246, 2, 17.2878
247, 2, 17.1479
248, 2, 16.8368
249, 2, 16.6007
250, 2, 16.3966
1, 3, 15.8935
2, 3, 16.3992
3, 3, 16.7173
4, 3, 18.0814
5, 3, 18.3305
6, 3, 17.5052
7, 3, 17.3929
8, 3, 17.1334
9, 3, 16.6967
10, 3, 16.5932
11, 3, 16.5655
12, 3, 17.5875
13, 3, 17.7827
14, 3, 17.1725
15, 3, 17.0140
16, 3, 16.7349
17, 3, 16.1844
18, 3, 16.1930
19, 3, 16.5245
20, 3, 16.6818
21, 3, 17.0739
22, 3, 17.1281
23, 3, 17.1499
24, 3, 16.6506
25, 3, 16.5895
26, 3, 16.2824
27, 3, 16.5271
28, 3, 17.6351
29, 3, 17.3549
30, 3, 17.3270
31, 3, 16.9662
32, 3, 16.5948
33, 3, 16.3721
34, 3, 15.6347
35, 3, 16.3776
36, 3, 17.1599
37, 3, 17.3598
38, 3, 17.2046
39, 3, 16.5639
40, 3, 16.0881
41, 3, 16.2697
42, 3, 16.0913
43, 3, 16.4628
44, 3, 16.7658
45, 3, 17.1135
46, 3, 17.0420
47, 3, 16.9597
48, 3, 16.3253
49, 3, 16.1873
50, 3, 16.1379
51, 3, 16.5084
52, 3, 16.9346
53, 3, 17.5261
54, 3, 16.4530
55, 3, 16.6779
56, 3, 16.4698
57, 3, 16.3844
58, 3, 15.5932
59, 3, 16.3942
60, 3, 17.0980
61, 3, 16.7055
62, 3, 16.2806
63, 3, 16.6862
64, 3, 15.8938
65, 3, 16.0911
66, 3, 15.8408
67, 3, 16.4064
68, 3, 17.1847
69, 3, 16.3826
70, 3, 16.6761
71, 3, 16.3651
72, 3, 16.3775
73, 3, 16.2900
74, 3, 15.9241
75, 3, 16.3106
76, 3, 16.9226
77, 3, 17.2144
78, 3, 16.7979
79, 3, 16.4557
80, 3, 16.0682
81, 3, 15.7267
82, 3, 15.2344
83, 3, 16.2542
84, 3, 16.4808
85, 3, 16.8154
86, 3, 16.8621
87, 3, 16.6258
88, 3, 16.5415
89, 3, 16.4154
90, 3, 16.2290
91, 3, 16.3427
92, 3, 16.6209
93, 3, 17.1420
94, 3, 17.5258
95, 3, 17.4048
96, 3, 17.1576
97, 3, 16.9482
98, 3, 16.7081
99, 3, 16.1541
100, 3, 17.8792
101, 3, 17.7843
102, 3, 17.5766
103, 3, 17.3179
104, 3, 17.0462
105, 3, 17.0009
106, 3, 16.6577
107, 3, 16.2009
108, 3, 17.8830
109, 3, 17.9436
110, 3, 17.6700
111, 3, 17.3824
112, 3, 17.2429
113, 3, 17.0067
114, 3, 15.9650
115, 3, 16.3044
116, 3, 18.0661
117, 3, 17.8876
118, 3, 17.3922
119, 3, 17.5344
120, 3, 17.1744
121, 3, 17.0237
122, 3, 16.7509
123, 3, 16.2742
124, 3, 17.9493
125, 3, 17.9428
126, 3, 17.7184
127, 3, 17.4311
128, 3, 17.1035
129, 3, 16.9215
130, 3, 16.7681
131, 3, 16.2490
132, 3, 17.2003
133, 3, 17.7896
134, 3, 17.6409
135, 3, 17.3673
136, 3, 17.0675
137, 3, 16.9591
138, 3, 16.5944
139, 3, 16.2029
140, 3, 17.9323
141, 3, 17.9113
142, 3, 17.5592
143, 3, 17.3192
144, 3, 17.1553
145, 3, 16.5765
146, 3, 16.6781
147, 3, 16.1814
148, 3, 17.9361
149, 3, 17.9035
150, 3, 17.6161
151, 3, 17.3850
152, 3, 17.0859
153, 3, 17.0012
154, 3, 16.7279
155, 3, 16.1121
156, 3, 17.9787
157, 3, 18.1027
158, 3, 17.5926
159, 3, 17.4507
160, 3, 17.1493
161, 3, 16.9735
162, 3, 16.6739
163, 3, 16.2808
164, 3, 18.0576
165, 3, 17.8907
166, 3, 17.6065
167, 3, 17.3619
168, 3, 17.0273
169, 3, 16.8051
170, 3, 16.6153
171, 3, 16.1061
172, 3, 17.9073
173, 3, 17.8749
174, 3, 17.5827
175, 3, 17.4134
176, 3, 17.0682
177, 3, 16.8169
178, 3, 16.6257
179, 3, 16.0746
180, 3, 17.8911
181, 3, 17.8413
182, 3, 17.5307
183, 3, 17.2175
184, 3, 16.9298
185, 3, 16.8106
186, 3, 16.6281
187, 3, 16.1877
188, 3, 17.9116
189, 3, 17.7732
190, 3, 17.5563
191, 3, 17.2820
192, 3, 16.9301
193, 3, 16.7335
194, 3, 16.6223
195, 3, 16.1869
196, 3, 17.9846
197, 3, 17.7961
198, 3, 17.6430
199, 3, 17.3397
200, 3, 17.1144
201, 3, 16.8690
202, 3, 16.5386
203, 3, 16.0469
204, 3, 17.7398
205, 3, 17.2300
206, 3, 16.6320
207, 3, 16.5485
208, 3, 15.9243
209, 3, 15.1901
210, 3, 15.0896
211, 3, 16.4185
212, 3, 16.7495
213, 3, 16.5406
214, 3, 16.5124
215, 3, 16.2058
216, 3, 16.3413
217, 3, 16.1722
218, 3, 15.4394
219, 3, 16.4317
220, 3, 16.2643
221, 3, 16.9346
222, 3, 16.4877
223, 3, 16.7270
224, 3, 16.0866
225, 3, 15.7537
226, 3, 15.9402
227, 3, 16.4505
228, 3, 17.0386
229, 3, 17.0545
230, 3, 16.5388
231, 3, 16.7032
232, 3, 16.4229
233, 3, 16.0447
234, 3, 15.9153
235, 3, 16.4006
236, 3, 17.2790
237, 3, 17.0351
238, 3, 16.5997
239, 3, 16.4491
240, 3, 16.3737
241, 3, 15.9672
242, 3, 16.0251
243, 3, 16.3366
244, 3, 15.0673
245, 3, 16.0231
246, 3, 16.3530
247, 3, 16.5305
248, 3, 16.3369
249, 3, 15.9771
250, 3, 15.6106
1, 4, 12.0894
2, 4, 12.7321
3, 4, 16.7173
4, 4, 16.4230
5, 4, 16.7640
6, 4, 16.4557
7, 4, 16.3421
8, 4, 16.1998
9, 4, 15.7677
10, 4, 15.7927
11, 4, 16.5655
12, 4, 17.3537
13, 4, 17.4244
14, 4, 16.7256
15, 4, 16.4973
16, 4, 16.2192
17, 4, 15.6028
18, 4, 15.5771
19, 4, 16.5245
20, 4, 16.3739
21, 4, 16.4326
22, 4, 16.2879
23, 4, 16.3360
24, 4, 15.9501
25, 4, 15.8697
26, 4, 15.5487
27, 4, 16.5271
28, 4, 17.2903
29, 4, 16.8297
30, 4, 16.7475
31, 4, 16.3347
32, 4, 15.9841
33, 4, 15.7394
34, 4, 15.0175
35, 4, 16.3776
36, 4, 16.7833
37, 4, 16.7740
38, 4, 16.6136
39, 4, 16.0694
40, 4, 15.5547
41, 4, 15.6938
42, 4, 15.3661
43, 4, 16.4628
44, 4, 16.5850
45, 4, 16.6310
46, 4, 18.1150
47, 4, 17.9438
48, 4, 17.5599
49, 4, 17.1372
50, 4, 17.0119
51, 4, 16.5084
52, 4, 18.5025
53, 4, 18.6088
54, 4, 18.0614
55, 4, 17.8543
56, 4, 17.5757
57, 4, 17.1797
58, 4, 16.9270
59, 4, 16.3942
60, 4, 18.4154
61, 4, 18.3588
62, 4, 16.7847
63, 4, 17.0367
64, 4, 16.1357
65, 4, 16.2082
66, 4, 15.7690
67, 4, 16.4064
68, 4, 17.2291
69, 4, 16.2041
70, 4, 16.4821
71, 4, 16.0215
72, 4, 16.1323
73, 4, 16.0868
74, 4, 15.7260
75, 4, 16.3106
76, 4, 16.8133
77, 4, 17.0295
78, 4, 16.6299
79, 4, 16.3352
80, 4, 16.0181
81, 4, 15.6565
82, 4, 15.0581
83, 4, 16.2542
84, 4, 16.3656
85, 4, 16.6797
86, 4, 17.8490
87, 4, 17.7841
88, 4, 17.5268
89, 4, 17.1535
90, 4, 16.9068
91, 4, 16.3427
92, 4, 18.3904
93, 4, 18.5037
94, 4, 18.0490
95, 4, 17.7787
96, 4, 17.4351
97, 4, 17.1533
98, 4, 17.0262
99, 4, 16.1541
100, 4, 18.2105
101, 4, 18.1132
102, 4, 17.9716
103, 4, 17.7413
104, 4, 17.2123
105, 4, 17.2379
106, 4, 16.9739
107, 4, 16.2009
108, 4, 18.1258
109, 4, 18.3777
110, 4, 18.1332
111, 4, 16.6663
112, 4, 17.5124
113, 4, 17.2515
114, 4, 16.9582
115, 4, 16.3044
116, 4, 18.4958
117, 4, 18.4530
118, 4, 17.8212
119, 4, 17.8357
120, 4, 17.5140
121, 4, 17.2614
122, 4, 17.0534
123, 4, 16.2742
124, 4, 18.4006
125, 4, 18.2064
126, 4, 18.1255
127, 4, 17.8590
128, 4, 16.7030
129, 4, 15.8821
130, 4, 15.7855
131, 4, 16.2490
132, 4, 17.0396
133, 4, 16.3298
134, 4, 15.8590
135, 4, 15.4491
136, 4, 14.9144
137, 4, 15.0812
138, 4, 14.6507
139, 4, 16.2029
140, 4, 16.5232
141, 4, 16.3812
142, 4, 16.3819
143, 4, 15.6646
144, 4, 15.3459
145, 4, 15.2650
146, 4, 14.9428
147, 4, 16.1814
148, 4, 16.4586
149, 4, 16.0355
150, 4, 15.5707
151, 4, 15.5057
152, 4, 15.5893
153, 4, 15.3495
154, 4, 15.0139
155, 4, 16.1121
156, 4, 16.3556
157, 4, 16.5664
158, 4, 15.8799
159, 4, 15.2213
160, 4, 15.0496
161, 4, 15.2182
162, 4, 14.9011
163, 4, 16.2808
164, 4, 16.3865
165, 4, 16.1046
166, 4, 15.8701
167, 4, 15.9755
168, 4, 15.4434
169, 4, 14.9247
170, 4, 14.7001
171, 4, 16.1061
172, 4, 16.9758
173, 4, 16.2091
174, 4, 15.9995
175, 4, 15.7361
176, 4, 15.1533
177, 4, 15.1648
178, 4, 14.7237
179, 4, 16.0746
180, 4, 16.4799
181, 4, 16.6123
182, 4, 16.2713
183, 4, 15.8323
184, 4, 15.4577
185, 4, 15.0180
186, 4, 14.9532
187, 4, 16.1877
188, 4, 15.9704
189, 4, 15.8071
190, 4, 15.6890
191, 4, 15.7195
192, 4, 15.4963
193, 4, 15.0421
194, 4, 14.9203
195, 4, 16.1869
196, 4, 16.7758
197, 4, 16.6567
198, 4, 16.2896
199, 4, 16.0564
200, 4, 15.7373
201, 4, 15.6029
202, 4, 14.6883
203, 4, 16.0469
204, 4, 16.2587
205, 4, 16.0283
206, 4, 15.7562
207, 4, 15.7165
208, 4, 15.1290
209, 4, 14.5536
210, 4, 14.3930
211, 4, 16.4185
212, 4, 16.3993
213, 4, 16.0015
214, 4, 15.7370
215, 4, 15.2928
216, 4, 17.3229
217, 4, 17.1862
218, 4, 16.9351
219, 4, 16.4317
220, 4, 18.3456
221, 4, 18.5233
222, 4, 17.8978
223, 4, 17.9262
224, 4, 17.4856
225, 4, 17.1366
226, 4, 17.0430
227, 4, 16.4505
228, 4, 18.3742
229, 4, 18.3571
230, 4, 18.0648
231, 4, 17.8602
232, 4, 17.4918
233, 4, 17.0307
234, 4, 17.0149
235, 4, 16.4006
236, 4, 17.0755
237, 4, 18.3075
238, 4, 18.0309
239, 4, 16.9571
240, 4, 17.4373
241, 4, 17.0671
242, 4, 16.9319
243, 4, 16.3366
244, 4, 18.1620
245, 4, 18.3062
246, 4, 18.0547
247, 4, 17.8865
248, 4, 17.5603
249, 4, 17.1516
250, 4, 16.8606
1, 5, 15.5310
2, 5, 16.9223
3, 5, 16.7173
4, 5, 16.3390
5, 5, 18.8895
6, 5, 18.7706
7, 5, 18.6441
8, 5, 18.4295
9, 5, 18.0972
10, 5, 17.9286
11, 5, 16.5655
12, 5, 19.0074
13, 5, 19.2670
14, 5, 18.7860
15, 5, 18.4865
16, 5, 18.3549
17, 5, 17.1414
18, 5, 17.8498
19, 5, 16.5245
20, 5, 18.7321
21, 5, 19.0486
22, 5, 18.6498
23, 5, 18.5432
24, 5, 18.3522
25, 5, 18.2336
26, 5, 17.8580
27, 5, 16.5271
28, 5, 19.0309
29, 5, 18.9169
30, 5, 18.7859
31, 5, 18.5365
32, 5, 18.3149
33, 5, 18.1132
34, 5, 17.6510
35, 5, 16.3776
36, 5, 18.8368
37, 5, 18.9751
38, 5, 18.7422
39, 5, 18.3966
40, 5, 18.1143
41, 5, 18.0302
42, 5, 17.8404
43, 5, 16.4628
44, 5, 18.7554
45, 5, 18.9549
46, 5, 18.8003
47, 5, 18.5570
48, 5, 18.1732
49, 5, 17.9172
50, 5, 17.7232
51, 5, 16.5084
52, 5, 18.8806
53, 5, 19.1343
54, 5, 18.5354
55, 5, 18.3700
56, 5, 18.2229
57, 5, 17.9647
58, 5, 17.6625
59, 5, 16.3942
60, 5, 18.8083
61, 5, 18.7988
62, 5, 18.4137
63, 5, 18.4341
64, 5, 18.1702
65, 5, 18.1103
66, 5, 17.7730
67, 5, 16.4064
68, 5, 18.9086
69, 5, 18.7775
70, 5, 18.6694
71, 5, 18.2944
72, 5, 18.2008
73, 5, 17.9179
74, 5, 17.7299
75, 5, 16.3106
76, 5, 18.8708
77, 5, 18.4257
78, 5, 17.1130
79, 5, 16.3890
80, 5, 15.8067
81, 5, 15.3652
82, 5, 14.7785
83, 5, 16.2542
84, 5, 15.9373
85, 5, 16.2274
86, 5, 16.0749
87, 5, 15.9705
88, 5, 15.9171
89, 5, 15.8399
90, 5, 15.6084
91, 5, 16.3427
92, 5, 16.4777
93, 5, 16.7432
94, 5, 15.7425
95, 5, 15.6179
96, 5, 15.2833
97, 5, 15.3343
98, 5, 15.1107
99, 5, 16.1541
100, 5, 16.1499
101, 5, 15.2730
102, 5, 14.9483
103, 5, 15.2323
104, 5, 14.7288
105, 5, 14.7908
106, 5, 14.6537
107, 5, 16.2009
108, 5, 15.7138
109, 5, 15.9563
110, 5, 15.5843
111, 5, 15.1649
112, 5, 15.0593
113, 5, 15.3128
114, 5, 14.8203
115, 5, 16.3044
116, 5, 15.3834
117, 5, 16.0810
118, 5, 13.8023
119, 5, 14.1690
120, 5, 14.2247
121, 5, 14.3301
122, 5, 14.4658
123, 5, 16.2742
124, 5, 16.1562
125, 5, 15.6515
126, 5, 15.3422
127, 5, 15.5477
128, 5, 15.4141
129, 5, 14.9960
130, 5, 15.1260
131, 5, 16.2490
132, 5, 16.9647
133, 5, 16.3528
134, 5, 15.7125
135, 5, 15.3460
136, 5, 14.7692
137, 5, 15.1198
138, 5, 14.8023
139, 5, 16.2029
140, 5, 16.3802
141, 5, 16.2632
142, 5, 16.2584
143, 5, 15.6790
144, 5, 15.4199
145, 5, 15.3510
146, 5, 14.9365
147, 5, 16.1814
148, 5, 16.3879
149, 5, 16.0790
150, 5, 15.3448
151, 5, 15.3190
152, 5, 15.4289
153, 5, 15.2968
154, 5, 15.1873
155, 5, 16.1121
156, 5, 16.0511
157, 5, 16.3615
158, 5, 15.4657
159, 5, 15.0218
160, 5, 14.8426
161, 5, 15.0810
162, 5, 14.8209
163, 5, 16.2808
164, 5, 16.4339
165, 5, 16.0716
166, 5, 15.8111
167, 5, 15.9435
168, 5, 17.9893
169, 5, 17.9458
170, 5, 17.7846
171, 5, 16.1061
172, 5, 18.7028
173, 5, 18.6993
174, 5, 18.5620
175, 5, 18.3861
176, 5, 18.1663
177, 5, 17.9369
178, 5, 17.5569
179, 5, 16.0746
180, 5, 18.6757
181, 5, 18.8196
182, 5, 18.4827
183, 5, 18.2128
184, 5, 17.2075
185, 5, 16.4699
186, 5, 16.1436
187, 5, 16.1877
188, 5, 16.0767
189, 5, 15.9721
190, 5, 15.9798
191, 5, 16.0336
192, 5, 15.8820
193, 5, 15.4920
194, 5, 15.5329
195, 5, 16.1869
196, 5, 16.8150
197, 5, 16.8516
198, 5, 16.6017
199, 5, 16.4487
200, 5, 16.3430
201, 5, 16.3590
202, 5, 15.5114
203, 5, 16.0469
204, 5, 16.4409
205, 5, 16.3534
206, 5, 15.9911
207, 5, 16.0815
208, 5, 17.8042
209, 5, 17.8069
210, 5, 17.6931
211, 5, 16.4185
212, 5, 18.7918
213, 5, 18.7671
214, 5, 18.6127
215, 5, 18.2992
216, 5, 18.2576
217, 5, 17.9912
218, 5, 17.6938
219, 5, 16.4317
220, 5, 18.6570
221, 5, 19.0902
222, 5, 18.4114
223, 5, 18.4112
224, 5, 18.1316
225, 5, 17.9115
226, 5, 17.7974
227, 5, 16.4505
228, 5, 18.7887
229, 5, 18.8859
230, 5, 18.5552
231, 5, 18.4322
232, 5, 18.1293
233, 5, 16.7276
234, 5, 17.6396
235, 5, 16.4006
236, 5, 18.9014
237, 5, 18.9879
238, 5, 18.6353
239, 5, 18.3649
240, 5, 18.2150
241, 5, 17.8489
242, 5, 17.7227
243, 5, 16.3366
244, 5, 18.6007
245, 5, 18.8185
246, 5, 18.5465
247, 5, 18.4248
248, 5, 18.2568
249, 5, 17.9696
250, 5, 16.3484
