Frame Index, Action Index, SSIM (dB)
1, 0, 16.8027
2, 0, 17.1501
3, 0, 16.7270
4, 0, 15.8936
5, 0, 15.4250
6, 0, 14.8594
7, 0, 16.6373
8, 0, 17.1843
9, 0, 16.5436
10, 0, 16.0370
11, 0, 15.3838
12, 0, 14.7095
13, 0, 14.2374
14, 0, 13.8344
15, 0, 16.5176
16, 0, 17.1038
17, 0, 16.4495
18, 0, 16.0186
19, 0, 15.3628
20, 0, 14.7206
21, 0, 14.3424
22, 0, 13.9674
23, 0, 16.4365
24, 0, 16.8087
25, 0, 16.4513
26, 0, 15.7904
27, 0, 15.3619
28, 0, 14.7884
29, 0, 14.1755
30, 0, 13.8607
31, 0, 16.5402
32, 0, 16.8867
33, 0, 16.3993
34, 0, 15.9244
35, 0, 15.3660
36, 0, 14.6599
37, 0, 14.1599
38, 0, 13.8620
39, 0, 16.4655
40, 0, 16.5906
41, 0, 16.5172
42, 0, 15.9431
43, 0, 15.3718
44, 0, 14.7312
45, 0, 14.1752
46, 0, 13.8362
47, 0, 16.4489
48, 0, 16.7640
49, 0, 16.4057
50, 0, 15.8887
51, 0, 15.4146
52, 0, 14.7437
53, 0, 14.2302
54, 0, 13.8441
55, 0, 16.2579
56, 0, 16.8241
57, 0, 16.3683
58, 0, 15.7473
59, 0, 15.2969
60, 0, 14.7061
61, 0, 14.2231
62, 0, 13.8804
63, 0, 16.4212
64, 0, 16.5833
65, 0, 16.2182
66, 0, 15.8176
67, 0, 15.2682
68, 0, 14.6568
69, 0, 14.1573
70, 0, 13.8376
71, 0, 16.2648
72, 0, 16.7467
73, 0, 16.3097
74, 0, 15.7000
75, 0, 15.1628
76, 0, 14.6824
77, 0, 14.1485
78, 0, 13.7382
79, 0, 16.3382
80, 0, 16.6584
81, 0, 16.1254
82, 0, 15.6498
83, 0, 15.0851
84, 0, 14.5737
85, 0, 14.1010
86, 0, 13.6881
87, 0, 16.2332
88, 0, 16.8449
89, 0, 16.4103
90, 0, 15.8743
91, 0, 15.2365
92, 0, 14.6822
93, 0, 14.2954
94, 0, 13.7063
95, 0, 16.1913
96, 0, 16.5956
97, 0, 16.1874
98, 0, 15.7552
99, 0, 14.7272
100, 0, 13.9666
101, 0, 13.5401
102, 0, 13.6643
103, 0, 16.1329
104, 0, 16.4205
105, 0, 16.1991
106, 0, 15.5929
107, 0, 15.0784
108, 0, 14.5701
109, 0, 14.1646
110, 0, 13.7523
111, 0, 16.2132
112, 0, 16.7593
113, 0, 16.3709
114, 0, 15.6325
115, 0, 15.1650
116, 0, 14.6949
117, 0, 14.1804
118, 0, 13.5743
119, 0, 16.4645
120, 0, 16.6821
121, 0, 16.2554
122, 0, 15.6781
123, 0, 15.0272
124, 0, 14.5369
125, 0, 14.0733
126, 0, 13.6966
127, 0, 16.2125
128, 0, 16.5494
129, 0, 16.1651
130, 0, 15.7414
131, 0, 15.1260
132, 0, 14.5246
133, 0, 14.0199
134, 0, 13.7446
135, 0, 16.2347
136, 0, 16.2913
137, 0, 16.0399
138, 0, 15.5009
139, 0, 15.0159
140, 0, 14.4972
141, 0, 14.0337
142, 0, 13.5965
143, 0, 16.1501
144, 0, 16.4999
145, 0, 16.1769
146, 0, 15.6594
147, 0, 15.0378
148, 0, 14.5157
149, 0, 14.0382
150, 0, 13.6780
151, 0, 16.2112
152, 0, 16.7653
153, 0, 16.3812
154, 0, 15.8817
155, 0, 15.0348
156, 0, 14.7231
157, 0, 14.2335
158, 0, 13.7476
159, 0, 16.3314
160, 0, 16.6200
161, 0, 16.2853
162, 0, 15.6775
163, 0, 15.2097
164, 0, 14.6038
165, 0, 14.0539
166, 0, 13.6790
167, 0, 16.1571
168, 0, 16.5527
169, 0, 16.0225
170, 0, 15.5579
171, 0, 15.0087
172, 0, 14.4397
173, 0, 14.1196
174, 0, 13.6783
175, 0, 16.2040
176, 0, 16.4912
177, 0, 16.0296
178, 0, 15.6758
179, 0, 15.0132
180, 0, 14.5153
181, 0, 14.0442
182, 0, 13.6418
183, 0, 16.1275
184, 0, 16.5255
185, 0, 16.0281
186, 0, 15.6677
187, 0, 15.0662
188, 0, 14.5628
189, 0, 13.9960
190, 0, 13.6519
191, 0, 16.1231
192, 0, 16.2883
193, 0, 15.7557
194, 0, 15.5105
195, 0, 15.0710
196, 0, 14.6227
197, 0, 14.0144
198, 0, 13.7015
199, 0, 16.1081
200, 0, 16.4360
201, 0, 16.0276
202, 0, 15.0887
203, 0, 14.7631
204, 0, 14.4704
205, 0, 14.0255
206, 0, 13.6500
207, 0, 16.0516
208, 0, 16.2659
209, 0, 15.5079
210, 0, 14.6281
211, 0, 14.9333
212, 0, 14.4374
213, 0, 14.1132
214, 0, 13.6822
215, 0, 16.4227
216, 0, 17.0171
217, 0, 16.5523
218, 0, 15.8383
219, 0, 15.2247
220, 0, 14.6751
221, 0, 14.2726
222, 0, 13.8198
223, 0, 16.4582
224, 0, 16.5152
225, 0, 16.2070
226, 0, 15.7663
227, 0, 15.2083
228, 0, 14.6632
229, 0, 14.1077
230, 0, 13.7132
231, 0, 16.3760
232, 0, 16.8352
233, 0, 16.2725
234, 0, 15.8165
235, 0, 15.2785
236, 0, 14.6559
237, 0, 14.2766
238, 0, 13.7659
239, 0, 16.2884
240, 0, 16.8412
241, 0, 16.1869
242, 0, 15.7872
243, 0, 15.1189
244, 0, 14.5755
245, 0, 14.1620
246, 0, 13.7529
247, 0, 16.3722
248, 0, 16.8313
249, 0, 16.2382
250, 0, 15.7423
1, 1, 14.0504
2, 1, 15.4512
3, 1, 15.3544
4, 1, 14.9054
5, 1, 14.8644
6, 1, 14.5908
7, 1, 16.6373
8, 1, 17.7847
9, 1, 17.3062
10, 1, 16.9748
11, 1, 16.5162
12, 1, 16.0668
13, 1, 15.7872
14, 1, 15.5604
15, 1, 16.5176
16, 1, 17.3695
17, 1, 17.1780
18, 1, 16.8762
19, 1, 15.7995
20, 1, 15.5030
21, 1, 15.5272
22, 1, 15.6278
23, 1, 16.4365
24, 1, 17.4837
25, 1, 17.2900
26, 1, 16.8327
27, 1, 16.5922
28, 1, 16.1838
29, 1, 15.7329
30, 1, 15.6158
31, 1, 16.5402
32, 1, 17.4292
33, 1, 17.1482
34, 1, 16.8141
35, 1, 16.5394
36, 1, 16.1372
37, 1, 15.7144
38, 1, 15.5575
39, 1, 16.4655
40, 1, 17.1319
41, 1, 17.2998
42, 1, 16.9422
43, 1, 16.6275
44, 1, 16.1559
45, 1, 15.7760
46, 1, 15.5793
47, 1, 16.4489
48, 1, 17.2945
49, 1, 17.0858
50, 1, 16.7980
51, 1, 16.5373
52, 1, 16.0974
53, 1, 15.7943
54, 1, 15.5276
55, 1, 16.2579
56, 1, 17.3655
57, 1, 17.1070
58, 1, 16.7021
59, 1, 16.4202
60, 1, 16.0533
61, 1, 15.6463
62, 1, 15.5757
63, 1, 16.4212
64, 1, 16.7644
65, 1, 17.0034
66, 1, 16.3707
67, 1, 16.4182
68, 1, 16.0504
69, 1, 15.5919
70, 1, 15.5338
71, 1, 16.2648
72, 1, 17.3334
73, 1, 17.0566
74, 1, 16.6986
75, 1, 16.3439
76, 1, 16.0882
77, 1, 15.6501
78, 1, 15.4341
79, 1, 16.3382
80, 1, 17.2179
81, 1, 16.8791
82, 1, 15.4488
83, 1, 15.0291
84, 1, 14.6196
85, 1, 15.5316
86, 1, 15.3987
87, 1, 16.2332
88, 1, 17.2834
89, 1, 17.0147
90, 1, 16.6704
91, 1, 16.3424
92, 1, 16.0432
93, 1, 15.8007
94, 1, 15.3894
95, 1, 16.1913
96, 1, 17.1951
97, 1, 16.9109
98, 1, 16.6848
99, 1, 16.3516
100, 1, 15.8614
101, 1, 15.5132
102, 1, 15.3423
103, 1, 16.1329
104, 1, 17.0108
105, 1, 16.9791
106, 1, 16.5666
107, 1, 16.2966
108, 1, 15.9593
109, 1, 15.6197
110, 1, 15.4405
111, 1, 16.2132
112, 1, 17.3110
113, 1, 17.0987
114, 1, 16.5878
115, 1, 16.3639
116, 1, 16.0758
117, 1, 15.6547
118, 1, 15.2498
119, 1, 16.4645
120, 1, 17.2240
121, 1, 17.0335
122, 1, 16.6335
123, 1, 16.2086
124, 1, 15.8882
125, 1, 15.6591
126, 1, 15.4725
127, 1, 16.2125
128, 1, 17.1014
129, 1, 16.9134
130, 1, 16.6975
131, 1, 16.3071
132, 1, 15.8909
133, 1, 15.2752
134, 1, 15.4051
135, 1, 16.2347
136, 1, 16.7597
137, 1, 16.8555
138, 1, 16.4236
139, 1, 16.2329
140, 1, 15.9229
141, 1, 15.5662
142, 1, 15.2011
143, 1, 16.1501
144, 1, 17.0738
145, 1, 16.9780
146, 1, 16.6329
147, 1, 16.1970
148, 1, 15.8888
149, 1, 15.5555
150, 1, 15.3899
151, 1, 16.2112
152, 1, 17.2148
153, 1, 17.0834
154, 1, 16.7507
155, 1, 16.1845
156, 1, 16.1076
157, 1, 15.7522
158, 1, 15.4134
159, 1, 16.3314
160, 1, 17.1609
161, 1, 17.0171
162, 1, 16.6281
163, 1, 16.3730
164, 1, 15.9983
165, 1, 15.5311
166, 1, 15.3390
167, 1, 16.1571
168, 1, 17.0979
169, 1, 16.7968
170, 1, 16.4750
171, 1, 16.2033
172, 1, 15.7527
173, 1, 15.3061
174, 1, 14.8351
175, 1, 16.2040
176, 1, 16.4059
177, 1, 16.3310
178, 1, 15.5503
179, 1, 15.6696
180, 1, 15.8847
181, 1, 15.5513
182, 1, 14.9986
183, 1, 16.1275
184, 1, 16.2257
185, 1, 15.7147
186, 1, 15.5579
187, 1, 15.8613
188, 1, 15.9215
189, 1, 15.3659
190, 1, 15.3262
191, 1, 16.1231
192, 1, 16.6858
193, 1, 15.7237
194, 1, 16.6192
195, 1, 16.3980
196, 1, 16.0015
197, 1, 15.5101
198, 1, 15.2075
199, 1, 16.1081
200, 1, 17.0050
201, 1, 16.9187
202, 1, 15.7298
203, 1, 16.1619
204, 1, 15.8381
205, 1, 15.5338
206, 1, 15.3188
207, 1, 16.0516
208, 1, 16.8978
209, 1, 16.5699
210, 1, 16.4800
211, 1, 16.2606
212, 1, 15.8765
213, 1, 15.6441
214, 1, 15.3942
215, 1, 16.4227
216, 1, 17.4593
217, 1, 17.2259
218, 1, 16.7431
219, 1, 16.4345
220, 1, 15.9861
221, 1, 15.7648
222, 1, 15.4557
223, 1, 16.4582
224, 1, 17.1942
225, 1, 17.0683
226, 1, 16.7771
227, 1, 16.3747
228, 1, 16.0584
229, 1, 15.6827
230, 1, 15.4331
231, 1, 16.3760
232, 1, 17.3731
233, 1, 16.9752
234, 1, 16.7871
235, 1, 16.4640
236, 1, 16.0781
237, 1, 15.7436
238, 1, 15.4339
239, 1, 16.2884
240, 1, 17.3590
241, 1, 16.9233
242, 1, 16.6993
243, 1, 16.2706
244, 1, 15.9884
245, 1, 15.6733
246, 1, 15.4354
247, 1, 16.3722
248, 1, 17.3368
249, 1, 16.7317
250, 1, 16.6714
1, 2, 12.2245
2, 2, 12.9377
3, 2, 13.4535
4, 2, 13.6155
5, 2, 14.3928
6, 2, 14.4621
7, 2, 16.6373
8, 2, 18.1553
9, 2, 17.8459
10, 2, 17.5584
11, 2, 17.1966
12, 2, 16.8082
13, 2, 16.7728
14, 2, 16.5131
15, 2, 16.5176
16, 2, 18.0324
17, 2, 17.7511
18, 2, 17.5401
19, 2, 17.2397
20, 2, 16.8142
21, 2, 16.8116
22, 2, 16.5438
23, 2, 16.4365
24, 2, 17.2949
25, 2, 17.4712
26, 2, 17.3535
27, 2, 17.2831
28, 2, 16.9714
29, 2, 16.6933
30, 2, 16.5325
31, 2, 16.5402
32, 2, 17.8950
33, 2, 17.7307
34, 2, 17.2731
35, 2, 17.2229
36, 2, 16.8031
37, 2, 16.6778
38, 2, 16.5000
39, 2, 16.4655
40, 2, 17.1964
41, 2, 17.8056
42, 2, 17.5341
43, 2, 17.2928
44, 2, 16.9211
45, 2, 16.7132
46, 2, 16.5033
47, 2, 16.4489
48, 2, 17.0296
49, 2, 16.6253
50, 2, 17.3372
51, 2, 17.2422
52, 2, 16.9760
53, 2, 16.7788
54, 2, 16.4653
55, 2, 16.2579
56, 2, 17.7716
57, 2, 17.6566
58, 2, 17.3221
59, 2, 17.0821
60, 2, 16.8399
61, 2, 16.6541
62, 2, 16.4421
63, 2, 16.4212
64, 2, 16.5007
65, 2, 16.3336
66, 2, 15.6075
67, 2, 15.6935
68, 2, 16.5374
69, 2, 16.5870
70, 2, 16.4429
71, 2, 16.2648
72, 2, 17.7650
73, 2, 17.6134
74, 2, 17.2967
75, 2, 17.0504
76, 2, 16.9168
77, 2, 16.6410
78, 2, 16.4033
79, 2, 16.3382
80, 2, 17.6577
81, 2, 17.5054
82, 2, 17.2618
83, 2, 17.0261
84, 2, 16.7067
85, 2, 16.5341
86, 2, 16.3218
87, 2, 16.2332
88, 2, 17.7009
89, 2, 17.5570
90, 2, 17.2088
91, 2, 17.0142
92, 2, 16.8280
93, 2, 16.7391
94, 2, 16.2874
95, 2, 16.1913
96, 2, 17.6333
97, 2, 17.5013
98, 2, 17.3065
99, 2, 17.0291
100, 2, 16.6485
101, 2, 16.4597
102, 2, 16.2987
103, 2, 16.1329
104, 2, 17.4601
105, 2, 17.5809
106, 2, 17.1949
107, 2, 17.0213
108, 2, 16.7493
109, 2, 16.5724
110, 2, 16.3297
111, 2, 16.2132
112, 2, 17.7335
113, 2, 17.6973
114, 2, 17.2440
115, 2, 16.8910
116, 2, 16.3935
117, 2, 16.4716
118, 2, 13.6353
119, 2, 16.4645
120, 2, 17.6792
121, 2, 17.0300
122, 2, 17.2255
123, 2, 16.9218
124, 2, 16.3850
125, 2, 15.7113
126, 2, 15.3130
127, 2, 16.2125
128, 2, 17.1876
129, 2, 17.4616
130, 2, 17.3019
131, 2, 17.0002
132, 2, 16.6988
133, 2, 16.4980
134, 2, 16.3809
135, 2, 16.2347
136, 2, 17.4552
137, 2, 17.4916
138, 2, 17.1394
139, 2, 16.9617
140, 2, 16.7679
141, 2, 16.5352
142, 2, 16.2618
143, 2, 16.1501
144, 2, 17.5376
145, 2, 17.5801
146, 2, 17.2681
147, 2, 16.9227
148, 2, 16.7138
149, 2, 16.5575
150, 2, 16.2878
151, 2, 16.2112
152, 2, 17.4389
153, 2, 17.1572
154, 2, 16.8888
155, 2, 15.9693
156, 2, 15.7627
157, 2, 15.7680
158, 2, 14.6931
159, 2, 16.3314
160, 2, 16.4105
161, 2, 16.5591
162, 2, 16.2480
163, 2, 17.0265
164, 2, 16.4039
165, 2, 15.5862
166, 2, 15.1087
167, 2, 16.1571
168, 2, 16.3617
169, 2, 15.6492
170, 2, 15.9880
171, 2, 16.0606
172, 2, 16.1099
173, 2, 16.1605
174, 2, 16.2791
175, 2, 16.2040
176, 2, 16.0985
177, 2, 16.8450
178, 2, 17.0135
179, 2, 16.8215
180, 2, 16.6927
181, 2, 16.3241
182, 2, 16.0132
183, 2, 16.1275
184, 2, 17.0203
185, 2, 16.2839
186, 2, 17.0840
187, 2, 16.8978
188, 2, 16.7188
189, 2, 16.4838
190, 2, 16.2386
191, 2, 16.1231
192, 2, 17.4528
193, 2, 17.4121
194, 2, 17.1996
195, 2, 17.0469
196, 2, 16.7970
197, 2, 16.4651
198, 2, 16.3196
199, 2, 16.1081
200, 2, 17.6053
201, 2, 17.4862
202, 2, 17.1059
203, 2, 16.9174
204, 2, 16.6087
205, 2, 16.4857
206, 2, 16.2812
207, 2, 16.0516
208, 2, 17.3274
209, 2, 17.2107
210, 2, 17.1625
211, 2, 17.0043
212, 2, 16.7214
213, 2, 16.5887
214, 2, 16.3666
215, 2, 16.4227
216, 2, 17.8336
217, 2, 17.7650
218, 2, 17.3455
219, 2, 17.1437
220, 2, 16.7903
221, 2, 16.7249
222, 2, 16.3710
223, 2, 16.4582
224, 2, 17.6578
225, 2, 17.6627
226, 2, 17.4014
227, 2, 17.0973
228, 2, 16.8338
229, 2, 16.5814
230, 2, 16.3504
231, 2, 16.3760
232, 2, 16.7159
233, 2, 16.8144
234, 2, 16.3766
235, 2, 15.9251
236, 2, 15.7324
237, 2, 15.5037
238, 2, 15.5540
239, 2, 16.2884
240, 2, 17.4839
241, 2, 17.4650
242, 2, 17.3021
243, 2, 17.0216
244, 2, 16.7428
245, 2, 16.6060
246, 2, 16.3765
247, 2, 16.3722
248, 2, 17.7336
249, 2, 17.5464
250, 2, 17.2606
1, 3, 12.8753
2, 3, 15.1635
3, 3, 16.8706
4, 3, 16.6403
5, 3, 16.5524
6, 3, 16.0790
7, 3, 16.6373
8, 3, 17.6167
9, 3, 17.5555
10, 3, 17.8961
11, 3, 17.5563
12, 3, 17.1618
13, 3, 17.0794
14, 3, 16.5975
15, 3, 16.5176
16, 3, 17.7809
17, 3, 17.4249
18, 3, 17.5259
19, 3, 16.5538
20, 3, 16.9971
21, 3, 17.0738
22, 3, 16.8669
23, 3, 16.4365
24, 3, 17.3254
25, 3, 17.8031
26, 3, 17.5540
27, 3, 17.6368
28, 3, 17.3219
29, 3, 16.9399
30, 3, 16.5609
31, 3, 16.5402
32, 3, 16.9954
33, 3, 17.5445
34, 3, 17.7100
35, 3, 17.5918
36, 3, 17.2307
37, 3, 16.9867
38, 3, 16.8234
39, 3, 16.4655
40, 3, 17.9205
41, 3, 18.2189
42, 3, 17.9093
43, 3, 17.6716
44, 3, 17.2782
45, 3, 17.0554
46, 3, 16.8140
47, 3, 16.4489
48, 3, 15.9910
49, 3, 15.8855
50, 3, 15.6832
51, 3, 16.5482
52, 3, 16.6827
53, 3, 17.0454
54, 3, 16.8017
55, 3, 16.2579
56, 3, 18.1126
57, 3, 18.0559
58, 3, 17.7049
59, 3, 17.4568
60, 3, 17.2193
61, 3, 16.9974
62, 3, 16.7542
63, 3, 16.4212
64, 3, 18.0051
65, 3, 18.0910
66, 3, 17.8169
67, 3, 17.5494
68, 3, 17.1891
69, 3, 16.9413
70, 3, 16.7262
71, 3, 16.2648
72, 3, 18.0775
73, 3, 18.0067
74, 3, 17.6958
75, 3, 17.4629
76, 3, 17.2817
77, 3, 17.0052
78, 3, 16.7154
79, 3, 16.3382
80, 3, 18.0155
81, 3, 17.8807
82, 3, 17.6200
83, 3, 17.4102
84, 3, 17.0879
85, 3, 16.9018
86, 3, 16.6279
87, 3, 16.2332
88, 3, 18.0313
89, 3, 17.9471
90, 3, 17.5976
91, 3, 17.3100
92, 3, 17.1920
93, 3, 17.0849
94, 3, 16.6161
95, 3, 16.1913
96, 3, 17.8167
97, 3, 17.8320
98, 3, 17.3591
99, 3, 16.4783
100, 3, 16.0695
101, 3, 14.8367
102, 3, 14.9140
103, 3, 16.1329
104, 3, 15.5527
105, 3, 16.3577
106, 3, 16.4798
107, 3, 16.5152
108, 3, 15.0729
109, 3, 14.9697
110, 3, 15.2887
111, 3, 16.2132
112, 3, 17.1508
113, 3, 18.0090
114, 3, 17.6090
115, 3, 17.4261
116, 3, 17.2188
117, 3, 16.9363
118, 3, 15.6257
119, 3, 16.4645
120, 3, 17.3258
121, 3, 17.9585
122, 3, 17.6611
123, 3, 17.3022
124, 3, 17.0579
125, 3, 16.9629
126, 3, 16.7446
127, 3, 16.2125
128, 3, 17.8947
129, 3, 17.9276
130, 3, 17.6639
131, 3, 17.4064
132, 3, 17.1136
133, 3, 16.8578
134, 3, 16.6439
135, 3, 16.2347
136, 3, 15.9809
137, 3, 16.4250
138, 3, 15.5571
139, 3, 15.3378
140, 3, 14.8904
141, 3, 14.1215
142, 3, 14.1142
143, 3, 16.1501
144, 3, 15.9020
145, 3, 16.0819
146, 3, 16.6068
147, 3, 16.3581
148, 3, 15.4645
149, 3, 14.6566
150, 3, 13.8455
151, 3, 16.2112
152, 3, 16.8180
153, 3, 16.4312
154, 3, 16.4889
155, 3, 15.7131
156, 3, 15.7906
157, 3, 16.4468
158, 3, 15.4434
159, 3, 16.3314
160, 3, 16.9308
161, 3, 17.4960
162, 3, 17.1569
163, 3, 17.1292
164, 3, 16.1875
165, 3, 15.8698
166, 3, 15.5656
167, 3, 16.1571
168, 3, 16.1889
169, 3, 16.5673
170, 3, 17.4444
171, 3, 17.2275
172, 3, 16.9702
173, 3, 16.9095
174, 3, 16.1580
175, 3, 16.2040
176, 3, 17.6336
177, 3, 17.7149
178, 3, 16.6859
179, 3, 16.6421
180, 3, 16.6755
181, 3, 16.7888
182, 3, 16.5290
183, 3, 16.1275
184, 3, 17.8248
185, 3, 17.8386
186, 3, 17.6087
187, 3, 17.3282
188, 3, 17.0886
189, 3, 16.8135
190, 3, 16.5720
191, 3, 16.1231
192, 3, 17.8018
193, 3, 17.7828
194, 3, 17.5989
195, 3, 17.4469
196, 3, 17.1263
197, 3, 16.7711
198, 3, 16.6508
199, 3, 16.1081
200, 3, 17.6489
201, 3, 17.8423
202, 3, 17.4736
203, 3, 17.2377
204, 3, 16.9800
205, 3, 16.8068
206, 3, 16.4479
207, 3, 16.0516
208, 3, 17.1902
209, 3, 17.1803
210, 3, 17.5160
211, 3, 17.3972
212, 3, 17.0685
213, 3, 16.9359
214, 3, 16.4628
215, 3, 16.4227
216, 3, 17.5424
217, 3, 16.2758
218, 3, 15.5206
219, 3, 15.4283
220, 3, 14.9982
221, 3, 15.5131
222, 3, 14.9250
223, 3, 16.4582
224, 3, 17.3234
225, 3, 17.9902
226, 3, 17.7676
227, 3, 17.4098
228, 3, 17.1631
229, 3, 16.9534
230, 3, 16.6277
231, 3, 16.3760
232, 3, 18.0989
233, 3, 17.8800
234, 3, 17.4309
235, 3, 17.4525
236, 3, 17.2047
237, 3, 17.0483
238, 3, 16.4149
239, 3, 16.2884
240, 3, 17.0455
241, 3, 16.4899
242, 3, 16.8428
243, 3, 17.1974
244, 3, 16.9368
245, 3, 16.9091
246, 3, 16.6951
247, 3, 16.3722
248, 3, 17.5796
249, 3, 17.4309
250, 3, 16.9299
1, 4, 12.6021
2, 4, 13.3537
3, 4, 14.4516
4, 4, 14.6995
5, 4, 15.1942
6, 4, 14.9610
7, 4, 16.6373
8, 4, 17.7801
9, 4, 17.4801
10, 4, 17.7319
11, 4, 17.2993
12, 4, 16.9001
13, 4, 16.5192
14, 4, 15.7193
15, 4, 16.5176
16, 4, 17.6816
17, 4, 17.5474
18, 4, 17.9446
19, 4, 17.3558
20, 4, 17.1394
21, 4, 17.2820
22, 4, 17.1050
23, 4, 16.4365
24, 4, 17.6615
25, 4, 18.4367
26, 4, 18.1741
27, 4, 18.0131
28, 4, 17.6679
29, 4, 16.9915
30, 4, 16.4804
31, 4, 16.5402
32, 4, 16.5846
33, 4, 16.1167
34, 4, 15.8524
35, 4, 16.3624
36, 4, 16.5557
37, 4, 16.6812
38, 4, 16.9027
39, 4, 16.4655
40, 4, 18.1700
41, 4, 18.4587
42, 4, 18.2552
43, 4, 18.0344
44, 4, 17.5609
45, 4, 17.2713
46, 4, 17.1767
47, 4, 16.4489
48, 4, 18.4173
49, 4, 18.2779
50, 4, 18.1440
51, 4, 17.9810
52, 4, 17.5792
53, 4, 17.3396
54, 4, 16.9848
55, 4, 16.2579
56, 4, 18.3503
57, 4, 18.4037
58, 4, 18.0062
59, 4, 17.6918
60, 4, 17.5165
61, 4, 17.1914
62, 4, 16.8712
63, 4, 16.4212
64, 4, 17.5589
65, 4, 18.3363
66, 4, 18.0970
67, 4, 17.8819
68, 4, 17.5797
69, 4, 17.1793
70, 4, 17.0634
71, 4, 16.2648
72, 4, 18.1307
73, 4, 18.3173
74, 4, 18.0972
75, 4, 17.8445
76, 4, 17.5528
77, 4, 17.2363
78, 4, 16.7026
79, 4, 16.3382
80, 4, 16.7493
81, 4, 16.3116
82, 4, 15.2611
83, 4, 15.3393
84, 4, 14.5069
85, 4, 14.7383
86, 4, 15.1293
87, 4, 16.2332
88, 4, 17.2615
89, 4, 17.3219
90, 4, 17.0439
91, 4, 14.3983
92, 4, 14.1177
93, 4, 14.6402
94, 4, 14.5890
95, 4, 16.1913
96, 4, 16.9665
97, 4, 17.6574
98, 4, 17.6243
99, 4, 17.4985
100, 4, 17.2494
101, 4, 16.8750
102, 4, 16.9532
103, 4, 16.1329
104, 4, 16.1186
105, 4, 17.4893
106, 4, 17.8915
107, 4, 17.8114
108, 4, 17.3273
109, 4, 17.2206
110, 4, 17.0476
111, 4, 16.2132
112, 4, 17.0828
113, 4, 17.2943
114, 4, 17.1414
115, 4, 17.6139
116, 4, 17.5502
117, 4, 17.0844
118, 4, 13.9706
119, 4, 16.4645
120, 4, 16.3836
121, 4, 15.4715
122, 4, 15.3441
123, 4, 14.5640
124, 4, 13.7639
125, 4, 13.5917
126, 4, 13.4422
127, 4, 16.2125
128, 4, 16.2995
129, 4, 16.4219
130, 4, 16.3282
131, 4, 14.9642
132, 4, 14.4803
133, 4, 13.6949
134, 4, 13.3164
135, 4, 16.2347
136, 4, 15.7232
137, 4, 16.1168
138, 4, 15.3330
139, 4, 15.2893
140, 4, 15.4596
141, 4, 14.9279
142, 4, 14.4129
143, 4, 16.1501
144, 4, 16.3740
145, 4, 16.5778
146, 4, 16.3086
147, 4, 15.8501
148, 4, 15.3895
149, 4, 14.8673
150, 4, 14.4883
151, 4, 16.2112
152, 4, 17.2726
153, 4, 17.9353
154, 4, 17.8018
155, 4, 16.9367
156, 4, 16.6416
157, 4, 16.4411
158, 4, 15.8952
159, 4, 16.3314
160, 4, 16.8138
161, 4, 17.0503
162, 4, 16.5497
163, 4, 16.5253
164, 4, 16.4817
165, 4, 16.5996
166, 4, 16.7097
167, 4, 16.1571
168, 4, 18.2559
169, 4, 18.1716
170, 4, 17.6391
171, 4, 17.2400
172, 4, 17.2858
173, 4, 17.0435
174, 4, 16.9775
175, 4, 16.2040
176, 4, 17.2998
177, 4, 17.8827
178, 4, 17.7067
179, 4, 17.5796
180, 4, 17.3868
181, 4, 17.0616
182, 4, 16.5578
183, 4, 16.1275
184, 4, 17.3491
185, 4, 17.2281
186, 4, 17.4175
187, 4, 17.1316
188, 4, 16.4392
189, 4, 16.0159
190, 4, 16.3006
191, 4, 16.1231
192, 4, 17.2593
193, 4, 17.3315
194, 4, 17.4107
195, 4, 17.2411
196, 4, 16.8310
197, 4, 16.4361
198, 4, 15.5886
199, 4, 16.1081
200, 4, 16.2733
201, 4, 16.0044
202, 4, 14.7901
203, 4, 14.8321
204, 4, 14.7130
205, 4, 14.3329
206, 4, 14.2758
207, 4, 16.0516
208, 4, 16.6194
209, 4, 16.2424
210, 4, 16.8216
211, 4, 17.5801
212, 4, 17.4518
213, 4, 16.9956
214, 4, 16.9512
215, 4, 16.4227
216, 4, 17.5377
217, 4, 16.4965
218, 4, 16.8985
219, 4, 17.5933
220, 4, 17.0923
221, 4, 16.8707
222, 4, 15.6352
223, 4, 16.4582
224, 4, 16.0173
225, 4, 16.0969
226, 4, 16.8021
227, 4, 16.6813
228, 4, 16.7163
229, 4, 16.2318
230, 4, 15.6051
231, 4, 16.3760
232, 4, 16.6943
233, 4, 16.0487
234, 4, 16.0455
235, 4, 15.7226
236, 4, 16.1375
237, 4, 16.0071
238, 4, 15.7038
239, 4, 16.2884
240, 4, 16.9881
241, 4, 16.5703
242, 4, 16.8056
243, 4, 16.4892
244, 4, 16.1761
245, 4, 16.0425
246, 4, 15.8037
247, 4, 16.3722
248, 4, 16.3817
249, 4, 16.5690
250, 4, 16.7125
1, 5, 13.0789
2, 5, 14.4817
3, 5, 15.7141
4, 5, 16.2081
5, 5, 16.9679
6, 5, 16.8662
7, 5, 16.6373
8, 5, 18.3498
9, 5, 18.4585
10, 5, 18.5066
11, 5, 18.3128
12, 5, 17.8846
13, 5, 17.4508
14, 5, 16.0377
15, 5, 16.5176
16, 5, 16.9565
17, 5, 16.7426
18, 5, 17.0389
19, 5, 16.4980
20, 5, 16.7651
21, 5, 17.2711
22, 5, 17.7634
23, 5, 16.4365
24, 5, 17.9864
25, 5, 19.0536
26, 5, 18.6968
27, 5, 18.6070
28, 5, 18.3752
29, 5, 18.0182
30, 5, 17.9326
31, 5, 16.5402
32, 5, 18.8349
33, 5, 19.0249
34, 5, 18.4578
35, 5, 18.4458
36, 5, 18.2301
37, 5, 18.0360
38, 5, 17.9053
39, 5, 16.4655
40, 5, 18.2947
41, 5, 18.9590
42, 5, 18.6641
43, 5, 18.5197
44, 5, 18.1456
45, 5, 18.0126
46, 5, 17.9743
47, 5, 16.4489
48, 5, 18.7781
49, 5, 18.8372
50, 5, 18.5794
51, 5, 18.5064
52, 5, 18.2763
53, 5, 18.1574
54, 5, 17.7345
55, 5, 16.2579
56, 5, 17.7498
57, 5, 18.4494
58, 5, 18.3812
59, 5, 18.2878
60, 5, 17.9573
61, 5, 17.0862
62, 5, 16.5752
63, 5, 16.4212
64, 5, 15.8374
65, 5, 15.9950
66, 5, 16.0128
67, 5, 15.6185
68, 5, 15.5155
69, 5, 15.0709
70, 5, 15.0268
71, 5, 16.2648
72, 5, 16.6858
73, 5, 16.6806
74, 5, 15.7914
75, 5, 15.1483
76, 5, 15.1441
77, 5, 15.2630
78, 5, 15.1550
79, 5, 16.3382
80, 5, 17.1731
81, 5, 17.1914
82, 5, 17.1649
83, 5, 17.5925
84, 5, 17.2422
85, 5, 17.6950
86, 5, 17.3301
87, 5, 16.2332
88, 5, 17.9544
89, 5, 18.7305
90, 5, 18.5390
91, 5, 17.9275
92, 5, 18.1447
93, 5, 18.1049
94, 5, 17.1283
95, 5, 16.1913
96, 5, 16.2322
97, 5, 17.1315
98, 5, 17.7912
99, 5, 17.4349
100, 5, 16.8794
101, 5, 15.8528
102, 5, 15.0593
103, 5, 16.1329
104, 5, 14.6969
105, 5, 14.7082
106, 5, 14.0599
107, 5, 13.7322
108, 5, 12.8924
109, 5, 13.0860
110, 5, 12.9018
111, 5, 16.2132
112, 5, 16.6019
113, 5, 16.6643
114, 5, 14.9875
115, 5, 14.0920
116, 5, 13.6791
117, 5, 13.5578
118, 5, 12.5160
119, 5, 16.4645
120, 5, 16.3300
121, 5, 15.4758
122, 5, 15.6071
123, 5, 15.3837
124, 5, 14.9430
125, 5, 14.3017
126, 5, 14.4975
127, 5, 16.2125
128, 5, 16.4421
129, 5, 16.4386
130, 5, 16.1543
131, 5, 15.4977
132, 5, 15.3459
133, 5, 14.9501
134, 5, 14.4265
135, 5, 16.2347
136, 5, 16.9266
137, 5, 17.6926
138, 5, 16.9101
139, 5, 16.5891
140, 5, 16.0347
141, 5, 16.0301
142, 5, 16.4330
143, 5, 16.1501
144, 5, 16.1274
145, 5, 16.2882
146, 5, 16.0456
147, 5, 16.4583
148, 5, 16.7110
149, 5, 16.7787
150, 5, 16.7234
151, 5, 16.2112
152, 5, 17.9668
153, 5, 17.7508
154, 5, 17.5033
155, 5, 17.2204
156, 5, 17.4200
157, 5, 17.9515
158, 5, 17.3891
159, 5, 16.3314
160, 5, 17.2767
161, 5, 18.4605
162, 5, 18.3586
163, 5, 18.4050
164, 5, 18.1834
165, 5, 17.3048
166, 5, 16.8619
167, 5, 16.1571
168, 5, 17.0218
169, 5, 16.9057
170, 5, 16.7199
171, 5, 16.5354
172, 5, 16.6842
173, 5, 16.7167
174, 5, 16.4509
175, 5, 16.2040
176, 5, 17.0194
177, 5, 17.5791
178, 5, 16.5046
179, 5, 16.4340
180, 5, 16.1875
181, 5, 15.7927
182, 5, 15.4261
183, 5, 16.1275
184, 5, 15.8886
185, 5, 15.1536
186, 5, 14.8903
187, 5, 14.8281
188, 5, 14.7534
189, 5, 14.6379
190, 5, 14.9460
191, 5, 16.1231
192, 5, 17.0639
193, 5, 17.2639
194, 5, 17.9954
195, 5, 18.2167
196, 5, 17.9002
197, 5, 17.7068
198, 5, 17.4578
199, 5, 16.1081
200, 5, 16.6952
201, 5, 17.4054
202, 5, 17.2236
203, 5, 17.1281
204, 5, 16.6025
205, 5, 16.1744
206, 5, 15.5499
207, 5, 16.0516
208, 5, 15.9529
209, 5, 15.8871
210, 5, 15.6907
211, 5, 16.1977
212, 5, 15.9625
213, 5, 15.6407
214, 5, 15.8432
215, 5, 16.4227
216, 5, 17.3676
217, 5, 16.3702
218, 5, 15.6166
219, 5, 16.0626
220, 5, 15.9772
221, 5, 16.4001
222, 5, 15.5255
223, 5, 16.4582
224, 5, 16.2556
225, 5, 16.3164
226, 5, 16.8403
227, 5, 16.6225
228, 5, 16.4833
229, 5, 15.9651
230, 5, 15.1171
231, 5, 16.3760
232, 5, 16.7213
233, 5, 16.5537
234, 5, 16.9054
235, 5, 16.9569
236, 5, 17.1240
237, 5, 17.2317
238, 5, 17.0905
239, 5, 16.2884
240, 5, 17.4403
241, 5, 17.5749
242, 5, 17.9970
243, 5, 17.2836
244, 5, 17.2905
245, 5, 17.0693
246, 5, 16.7111
247, 5, 16.3722
248, 5, 16.1052
249, 5, 15.4220
250, 5, 15.6502
